v -0.5974999999999999 -1.03 -0.8514755207872979
v -0.5974999999999999 -1.028357098726427 -0.8487500000000001
v -0.6012530907415058 -1.03 -0.8487500000000001
v -0.7331249999999999 -1.03 -0.7342551098945449
v -0.7331249999999999 -1.0182784224539783 -0.7131250000000001
v -0.7531034395455511 -1.03 -0.7131250000000001
v -0.5974999999999999 -0.9458644995823859 -0.7131250000000001
v -0.7331249999999999 -0.9438350173533683 -0.5775000000000001
v -0.8585496632530027 -1.03 -0.5775000000000001
v -0.5974999999999999 -0.894375 -0.6293798827935594
v -0.6534627448171728 -0.894375 -0.5775000000000001
v -0.5974999999999999 -0.8623959691142512 -0.5775000000000001
v -0.32624999999999993 -1.03 -0.991511354259244
v -0.32624999999999993 -1.0253950418829738 -0.9843750000000001
v -0.3465962920812423 -1.03 -0.9843750000000001
v -0.4618749999999999 -0.9755728646989864 -0.8487500000000001
v -0.4618749999999999 -1.03 -0.9343439564241052
v -0.32624999999999993 -0.9359911449017226 -0.8487500000000001
v -0.19062499999999993 -1.0017958693741753 -0.9843750000000001
v -0.19062499999999993 -1.03 -1.027277456511263
v -0.05499999999999994 -0.9905749916188559 -0.9843750000000001
v -0.05499999999999994 -1.03 -1.0438444568037903
v -0.19062499999999993 -0.9099481346650099 -0.8487500000000001
v -0.05499999999999994 -0.8975619973744156 -0.8487500000000001
v -0.4618749999999999 -0.894375 -0.7243071244623203
v -0.4809369333358827 -0.894375 -0.7131250000000001
v -0.32624999999999993 -0.894375 -0.787540516535846
v -0.4618749999999999 -0.8869560083317218 -0.7131250000000001
v -0.32624999999999993 -0.8426039965061548 -0.7131250000000001
v -0.4618749999999999 -0.7953816365124066 -0.5775000000000001
v -0.36899134173574755 -0.75875 -0.5775000000000001
v -0.32624999999999993 -0.75875 -0.5967017025910016
v -0.19062499999999993 -0.894375 -0.8263878028996132
v -0.05499999999999994 -0.894375 -0.8442221374342089
v -0.19062499999999993 -0.8133708259096688 -0.7131250000000001
v -0.05499999999999994 -0.7994609049598269 -0.7131250000000001
v -0.19062499999999993 -0.75875 -0.639720396763427
v -0.05499999999999994 -0.75875 -0.6591800526387879
v -0.32624999999999993 -0.7445568482344413 -0.5775000000000001
v -0.19062499999999993 -0.710943962939915 -0.5775000000000001
v -0.05499999999999994 -0.6949351621555583 -0.5775000000000001
v -0.8687499999999999 -1.03 -0.5615680195889009
v -0.8687499999999999 -0.9770220653579613 -0.44187500000000013
v -0.9334524519094307 -1.03 -0.44187500000000013
v -0.8687499999999999 -0.925252645235742 -0.30625000000000013
v -0.9848058985236584 -1.03 -0.30625000000000013
v -0.7331249999999999 -0.894375 -0.4844736774486569
v -0.7626229965682528 -0.894375 -0.44187500000000013
v -0.7331249999999999 -0.8725011391275387 -0.44187500000000013
v -0.5974999999999999 -0.7794317065360588 -0.44187500000000013
v -0.8336912869514509 -0.894375 -0.30625000000000013
v -0.7331249999999999 -0.8083885493250871 -0.30625000000000013
v -0.6723775691149498 -0.75875 -0.30625000000000013
v -0.5974999999999999 -0.75875 -0.4073512837335549
v -0.5974999999999999 -0.7006223071782127 -0.30625000000000013
v -1.004375 -1.03 -0.23172135239604086
v -1.004375 -1.0185053149172976 -0.17062500000000014
v -1.0161865269947397 -1.03 -0.17062500000000014
v -0.8759883218377224 -0.894375 -0.17062500000000014
v -0.8687499999999999 -0.894375 -0.20101724396938436
v -0.8687499999999999 -0.8874302219557293 -0.17062500000000014
v -1.004375 -1.0049816258931898 -0.03500000000000014
v -1.029422498108357 -1.03 -0.03500000000000014
v -0.8936089575796837 -0.894375 -0.03500000000000014
v -0.8687499999999999 -0.869560417840885 -0.03500000000000014
v -0.7331249999999999 -0.7588394338553919 -0.17062500000000014
v -0.733029344341952 -0.75875 -0.17062500000000014
v -0.7576853337442725 -0.75875 -0.03500000000000014
v -0.7331249999999999 -0.75875 -0.1703128856073619
v -0.5974999999999999 -0.6347230322578885 -0.17062500000000014
v -0.7331249999999999 -0.7342619475107679 -0.03500000000000014
v -0.6215455477532766 -0.623125 -0.03500000000000014
v -0.5974999999999999 -0.623125 -0.13960811240335647
v -0.5974999999999999 -0.5992083228121964 -0.03500000000000014
v -0.5642391268946002 -0.75875 -0.44187500000000013
v -0.4618749999999999 -0.75875 -0.524357272588458
v -0.4618749999999999 -0.7012574123895097 -0.44187500000000013
v -0.32624999999999993 -0.6410943138075246 -0.44187500000000013
v -0.4618749999999999 -0.623125 -0.33018118250628714
v -0.48761739458167486 -0.623125 -0.30625000000000013
v -0.32624999999999993 -0.623125 -0.41907648915176066
v -0.4618749999999999 -0.6065859012878575 -0.30625000000000013
v -0.32624999999999993 -0.5317923697733844 -0.30625000000000013
v -0.27375007513979266 -0.623125 -0.44187500000000013
v -0.19062499999999993 -0.623125 -0.4683021423017144
v -0.05499999999999994 -0.623125 -0.4899642756927062
v -0.19062499999999993 -0.6010102998746466 -0.44187500000000013
v -0.05499999999999994 -0.5818782721116842 -0.44187500000000013
v -0.19062499999999993 -0.48750000000000004 -0.3132773534670399
v -0.21276378800721607 -0.48750000000000004 -0.30625000000000013
v -0.05499999999999994 -0.48750000000000004 -0.33820516609744466
v -0.5844347510739875 -0.623125 -0.17062500000000014
v -0.4618749999999999 -0.5190538486388331 -0.17062500000000014
v -0.4218263860879261 -0.48750000000000004 -0.17062500000000014
v -0.32624999999999993 -0.48750000000000004 -0.2529197084180078
v -0.4618749999999999 -0.48750000000000004 -0.10890257346735455
v -0.48491589939615254 -0.48750000000000004 -0.03500000000000014
v -1.004375 0.028883702134814282 -0.17062500000000014
v -1.004375 0.05499999999999994 -0.2351933836960023
v -1.14 0.05499999999999994 -0.26704236555273386
v -1.14 0.022410084052906676 -0.17062500000000014
v -0.8687499999999999 0.038650593438122716 -0.17062500000000014
v -0.8687499999999999 0.05499999999999994 -0.20333122223972389
v -1.004375 0.0012143529588843904 -0.03500000000000014
v -1.14 0.0009425983667981086 -0.03500000000000014
v -0.8687499999999999 0.0016231100598915749 -0.03500000000000014
v -0.7331249999999999 0.05446694982988931 -0.17062500000000014
v -0.7331249999999999 0.05499999999999994 -0.17144853341272726
v -0.729623385104198 0.05499999999999994 -0.17062500000000014
v -0.7331249999999999 0.002279209399953075 -0.03500000000000014
v -0.5974999999999999 0.0034314256513598984 -0.03500000000000014
v -0.5974999999999999 0.05499999999999994 -0.13953124650056015
v -0.19062499999999993 -0.4809740719023301 -0.30625000000000013
v -0.05499999999999994 -0.4565625370238148 -0.30625000000000013
v -0.32624999999999993 -0.419358451946214 -0.17062500000000014
v -0.4618749999999999 -0.4647198215117424 -0.03500000000000014
v -0.32624999999999993 -0.35187500000000005 -0.07819536674803351
v -0.3468928735414005 -0.35187500000000005 -0.03500000000000014
v -0.32624999999999993 -0.3318589901564434 -0.03500000000000014
v -0.20268092939858462 -0.35187500000000005 -0.17062500000000014
v -0.19062499999999993 -0.35187500000000005 -0.17544618899929143
v -0.05499999999999994 -0.35187500000000005 -0.2061633784721404
v -0.19062499999999993 -0.3468158768285726 -0.17062500000000014
v -0.05499999999999994 -0.3109074543771101 -0.17062500000000014
v -0.20272967867484837 -0.21625000000000005 -0.03500000000000014
v -0.19062499999999993 -0.21625000000000005 -0.047483256711906785
v -0.05499999999999994 -0.21625000000000005 -0.09725519145847761
v -0.4618749999999999 0.005743205181081512 -0.03500000000000014
v -0.4618749999999999 0.05499999999999994 -0.10754856279548841
v -0.32624999999999993 0.011523308384620234 -0.03500000000000014
v -0.32624999999999993 0.05499999999999994 -0.07541732849617588
v -0.19062499999999993 -0.20565611149589247 -0.03500000000000014
v -0.05499999999999994 -0.11640029387074124 -0.03500000000000014
v -0.19062499999999993 0.03487907872627316 -0.03500000000000014
v -0.19062499999999993 0.05499999999999994 -0.04280431034808396
v -0.15905259278844142 0.05499999999999994 -0.03500000000000014
v 0.08062500000000017 -1.03 -1.0421283978743934
v 0.08062500000000017 -0.9917456786236724 -0.9843750000000001
v 0 -0.9895560164820144 -0.9843750000000001
v 0 -1.03 -1.0453358312044987
v 0.21625000000000005 -1.0053072471523246 -0.9843750000000001
v 0.21625000000000005 -1.03 -1.0220371889637871
v 0.08062500000000017 -0.8988542896463367 -0.8487500000000001
v 0 -0.896437174761972 -0.8487500000000001
v 0.21625000000000005 -0.9138238964014509 -0.8487500000000001
v 0.34659629208124243 -1.03 -0.9843750000000001
v 0.35187499999999994 -0.9424388084616147 -0.8487500000000001
v 0.35187499999999994 -1.03 -0.9824441479831054
v 0.48750000000000004 -0.9845494771829428 -0.8487500000000001
v 0.48750000000000004 -1.03 -0.9208371530840836
v 0.08062500000000017 -0.894375 -0.8423791989619343
v 0 -0.894375 -0.8458229730321732
v 0.21625000000000005 -0.894375 -0.8207264424341079
v 0.08062500000000017 -0.8009122448208584 -0.7131250000000001
v 0 -0.7981976432836344 -0.7131250000000001
v 0.21625000000000005 -0.8177228657020545 -0.7131250000000001
v 0.08062500000000017 -0.75875 -0.6571768324889096
v 0 -0.75875 -0.6609187246151187
v 0.21625000000000005 -0.75875 -0.6335071650147298
v 0.35187499999999994 -0.894375 -0.7776107977223408
v 0.48750000000000004 -0.8969957029223516 -0.7131250000000001
v 0.48093693333588283 -0.894375 -0.7131250000000001
v 0.35187499999999994 -0.8498364770295579 -0.7131250000000001
v 0.48750000000000004 -0.894375 -0.7091281217912843
v 0.35187499999999994 -0.75875 -0.5855494502528428
v 0.48750000000000004 -0.806846653694494 -0.5775000000000001
v 0.36899134173574755 -0.75875 -0.5775000000000001
v 0.08062500000000017 -0.696605647971354 -0.5775000000000001
v 0 -0.6934811473453415 -0.5775000000000001
v 0.21625000000000005 -0.7159514604884455 -0.5775000000000001
v 0.35187499999999994 -0.7528617113154388 -0.5775000000000001
v 0.6012530907415057 -1.03 -0.8487500000000001
v 0.6231250000000002 -1.03 -0.8323422922129153
v 0.6231250000000002 -0.9585519152146165 -0.7131250000000001
v 0.7531034395455514 -1.03 -0.7131250000000001
v 0.6231250000000002 -0.894375 -0.6067489715303398
v 0.75875 -1.03 -0.7069330877989798
v 0.75875 -0.9606589466979674 -0.5775000000000001
v 0.653462744817173 -0.894375 -0.5775000000000001
v 0.6231250000000002 -0.8767424222232272 -0.5775000000000001
v 0.858549663253003 -1.03 -0.5775000000000001
v 0.48750000000000004 -0.75875 -0.5064502748141965
v 0.08062500000000017 -0.623125 -0.48774930924797333
v 0 -0.623125 -0.49188407636360654
v 0.21625000000000005 -0.623125 -0.46131343806003067
v 0.08062500000000017 -0.5838750942976904 -0.44187500000000013
v 0 -0.5801401916615174 -0.44187500000000013
v 0.21625000000000005 -0.6069912698609055 -0.44187500000000013
v 0.08062500000000017 -0.48750000000000004 -0.33569105058865156
v 0 -0.48750000000000004 -0.3403783510668682
v 0.21625000000000005 -0.48859182117509015 -0.30625000000000013
v 0.21276378800721618 -0.48750000000000004 -0.30625000000000013
v 0.35187499999999994 -0.6509680100923043 -0.44187500000000013
v 0.27375007513979277 -0.623125 -0.44187500000000013
v 0.48750000000000004 -0.7147312573424559 -0.44187500000000013
v 0.35187499999999994 -0.623125 -0.40595207826016877
v 0.48750000000000004 -0.623125 -0.30636643712852785
v 0.35187499999999994 -0.5442038283014521 -0.30625000000000013
v 0.48750000000000004 -0.6230480559576415 -0.30625000000000013
v 0.21625000000000005 -0.48750000000000004 -0.30505727561599005
v 0.35187499999999994 -0.48750000000000004 -0.2355782550614819
v 0.4218263860879261 -0.48750000000000004 -0.17062500000000014
v 0.48750000000000004 -0.5399737335685062 -0.17062500000000014
v 0.48491589939615243 -0.48750000000000004 -0.03500000000000014
v 0.48750000000000004 -0.4900570974086915 -0.03500000000000014
v 0.75875 -0.894375 -0.4477984108368932
v 0.6231250000000002 -0.7959800683465725 -0.44187500000000013
v 0.5642391268946003 -0.75875 -0.44187500000000013
v 0.75875 -0.8914734580547145 -0.44187500000000013
v 0.6231250000000002 -0.75875 -0.37709746038511893
v 0.75875 -0.8298888856205275 -0.30625000000000013
v 0.6723775691149498 -0.75875 -0.30625000000000013
v 0.7626229965682529 -0.894375 -0.44187500000000013
v 0.8943749999999999 -1.03 -0.5184815909521283
v 0.8943749999999999 -0.9977935306663858 -0.44187500000000013
v 0.9334524519094309 -1.03 -0.44187500000000013
v 0.8943749999999999 -0.9480681110924435 -0.30625000000000013
v 0.833691286951451 -0.894375 -0.30625000000000013
v 0.9848058985236585 -1.03 -0.30625000000000013
v 0.6231250000000002 -0.7200909028328212 -0.30625000000000013
v 0.4876173945816751 -0.623125 -0.30625000000000013
v 0.733029344341952 -0.75875 -0.17062500000000014
v 0.75875 -0.7828721781163053 -0.17062500000000014
v 0.7576853337442726 -0.75875 -0.03500000000000014
v 0.75875 -0.7598116898816398 -0.03500000000000014
v 0.8759883218377225 -0.894375 -0.17062500000000014
v 0.8943749999999999 -0.91204554476763 -0.17062500000000014
v 1.0161865269947399 -1.03 -0.17062500000000014
v 0.8936089575796837 -0.894375 -0.03500000000000014
v 0.8943749999999999 -0.8951397332536446 -0.03500000000000014
v 1.0294224981083573 -1.03 -0.03500000000000014
v 0.5844347510739876 -0.623125 -0.17062500000000014
v 0.6231250000000002 -0.6576856596317685 -0.17062500000000014
v 0.6215455477532768 -0.623125 -0.03500000000000014
v 0.6231250000000002 -0.6246965005997108 -0.03500000000000014
v 0.08062500000000017 -0.45911213541576823 -0.30625000000000013
v 0 -0.4543432339119715 -0.30625000000000013
v 0.08062500000000017 -0.35187500000000005 -0.20317587343696863
v 0 -0.35187500000000005 -0.20872891629586698
v 0.21625000000000005 -0.3579162209145095 -0.17062500000000014
v 0.20268092939858473 -0.35187500000000005 -0.17062500000000014
v 0.08062500000000017 -0.3146721456252197 -0.17062500000000014
v 0 -0.3076298281842622 -0.17062500000000014
v 0.21625000000000005 -0.35187500000000005 -0.16465921172488185
v 0.08062500000000017 -0.21625000000000005 -0.09331140896465362
v 0 -0.21625000000000005 -0.10056206300402382
v 0.21625000000000005 -0.2283185772923595 -0.03500000000000014
v 0.20272967867484826 -0.21625000000000005 -0.03500000000000014
v 0.35187499999999994 -0.43648046771869353 -0.17062500000000014
v 0.35187499999999994 -0.3567212767250576 -0.03500000000000014
v 0.3468928735414003 -0.35187500000000005 -0.03500000000000014
v 0.08062500000000017 -0.12705170126797083 -0.03500000000000014
v -2.220446049250313e-16 -0.10699874805650567 -0.03500000000000014
v 0.21625000000000005 0.05499999999999994 -0.04904741009982172
v 0.21625000000000005 0.026597693483718876 -0.03500000000000014
v 0.1590525927884423 0.05499999999999994 -0.03500000000000014
v 0.35187499999999994 0.009901552309761197 -0.03500000000000014
v 0.35187499999999994 0.05499999999999994 -0.08150770429459464
v 0.48750000000000004 0.005155080059882522 -0.03500000000000014
v 0.48750000000000004 0.05499999999999994 -0.11359893815524891
v 0.75875 0.05499999999999994 -0.1774745360255946
v 0.75875 0.050797090925856825 -0.17062500000000014
v 0.7296233851041978 0.05499999999999994 -0.17062500000000014
v 0.6231250000000002 0.003154981891798414 -0.03500000000000014
v 0.6231250000000002 0.05499999999999994 -0.14556540491949
v 0.75875 0.0021278553233661235 -0.03500000000000014
v 0.8943749999999999 0.03645593166932537 -0.17062500000000014
v 0.8943749999999999 0.05499999999999994 -0.2093525501023933
v 1.03 0.027461211823347043 -0.17062500000000014
v 1.03 0.05499999999999994 -0.24121178453798664
v 0.8943749999999999 0.0015314332066229674 -0.03500000000000014
v 1.03 0.00115468143983799 -0.03500000000000014
v -1.14 0.32624999999999993 -0.6239140612771722
v -1.14 0.2721287169109541 -0.5775000000000001
v -1.062393732008216 0.32624999999999993 -0.5775000000000001
v -1.14 0.5974999999999999 -0.750466365418864
v -1.14 0.4724600623355433 -0.7131250000000001
v -1.0991502994373146 0.5974999999999999 -0.7131250000000001
v -1.14 0.4618749999999998 -0.7083231196605848
v -1.004375 0.38892597358704517 -0.5775000000000001
v -1.004375 0.4618749999999998 -0.6061304634085595
v -0.9671602147439652 0.4618749999999998 -0.5775000000000001
v -1.004375 0.5798761766173304 -0.6244790855079002
v -1.004375 0.5974999999999999 -0.6240419273962587
v -1.0349003575224038 0.5974999999999999 -0.6531634318836288
v -0.9533490859554357 0.5504163514080544 -0.5775000000000001
v -0.9566481621092184 0.5974999999999999 -0.5775000000000001
v -1.14 0.733125 -0.7474857157589514
v -1.14 0.6581793068761732 -0.7551467085788804
v -1.0973059564044507 0.6335298893134895 -0.7131250000000001
v -1.1095687789286282 0.733125 -0.7131250000000001
v -1.14 0.8278123162617941 -0.7131250000000001
v -1.004375 0.733125 -0.5878090859151252
v -0.9961840952145862 0.733125 -0.5775000000000001
v -1.004375 0.7517513551644857 -0.5775000000000001
v -1.0670607521743714 0.8687499999999999 -0.5775000000000001
v -1.14 0.8687499999999999 -0.6880107548782396
v -1.14 0.9793097810485276 -0.5775000000000001
v -1.14 0.19062500000000004 -0.4907232821047003
v -1.14 0.15299698434012643 -0.44187500000000013
v -1.0298634027529663 0.19062500000000004 -0.44187500000000013
v -1.004375 0.32624999999999993 -0.5425727490284425
v -1.004375 0.2016893077275197 -0.44187500000000013
v -0.8687499999999999 0.2915402852245741 -0.44187500000000013
v -0.8687499999999999 0.32624999999999993 -0.4598954194977377
v -1.004375 0.09379166386674931 -0.30625000000000013
v -1.004375 0.19062500000000004 -0.4305458245428121
v -1.14 0.07246038495423135 -0.30625000000000013
v -0.8687499999999999 0.12698183902966043 -0.30625000000000013
v -0.8687499999999999 0.19062500000000004 -0.3700578881420742
v -0.8395935155253764 0.32624999999999993 -0.44187500000000013
v -0.7331249999999999 0.1865863000497987 -0.30625000000000013
v -0.7331249999999999 0.19062500000000004 -0.30907723991645697
v -0.7268741894897022 0.19062500000000004 -0.30625000000000013
v -0.7331249999999999 0.32624999999999993 -0.37499944335896196
v -0.627626573799936 0.32624999999999993 -0.30625000000000013
v -0.8687499999999999 0.4618749999999998 -0.5000582195108793
v -0.8687499999999999 0.5974999999999999 -0.4874811655015505
v -0.8687499999999999 0.5015730463584875 -0.5023614244218959
v -0.7975359150911374 0.46045757526626274 -0.44187500000000013
v -0.7975396860393089 0.4618749999999998 -0.44187500000000013
v -0.7999909667459536 0.4618749999999998 -0.4439169024813673
v -0.8269161847303736 0.5974999999999999 -0.44187500000000013
v -0.7331249999999999 0.4618749999999998 -0.38692879775386335
v -0.7331249999999999 0.4232699160996445 -0.38944048820239496
v -0.6245991090285757 0.3606124637332486 -0.30625000000000013
v -0.6452829498086622 0.4618749999999998 -0.30625000000000013
v -0.7331249999999999 0.5974999999999999 -0.32837241713630216
v -0.7169207712567784 0.5974999999999999 -0.30625000000000013
v -0.5974999999999999 0.19062500000000004 -0.24723957208719538
v -0.5974999999999999 0.0831580698669101 -0.17062500000000014
v -0.5974999999999999 0.32624999999999993 -0.285915275775666
v -0.5974999999999999 0.4618749999999998 -0.25760658680331383
v -0.5974999999999999 0.3449667858408014 -0.2865371396376367
v -0.5974999999999999 0.5515649623909784 -0.17062500000000014
v -0.6369699782078234 0.5974999999999999 -0.17062500000000014
v -0.5974999999999999 0.5957768971608364 -0.03500000000000014
v -0.5992132001258155 0.5974999999999999 -0.03500000000000014
v -0.4618749999999999 0.15338625216725976 -0.17062500000000014
v -0.4618749999999999 0.19062500000000004 -0.1836813487826815
v -0.4348117423445891 0.19062500000000004 -0.17062500000000014
v -0.4618749999999999 0.2666636555819586 -0.19474249975533608
v -0.4618749999999999 0.32624999999999993 -0.18674229323329894
v -0.565081575969346 0.32624999999999993 -0.263536502749145
v -0.422907842029693 0.24416595648875283 -0.17062500000000014
v -0.4423505129341472 0.32624999999999993 -0.17062500000000014
v -0.32624999999999993 0.18836052532311554 -0.11561118091084466
v -0.32624999999999993 0.19062500000000004 -0.11559859812589424
v -0.330172185192817 0.19062500000000004 -0.11770225486702168
v -0.32624999999999993 0.32033568177182303 -0.03500000000000014
v -0.3319545929370916 0.32624999999999993 -0.03500000000000014
v -0.19062499999999993 0.1100573950642727 -0.051634959632133715
v -0.206794874533186 0.19062500000000004 -0.03500000000000014
v -0.19062499999999993 0.17077703276961942 -0.03500000000000014
v -0.14709435007502458 0.08492496261208893 -0.03500000000000014
v -0.4618749999999999 0.3656675964715732 -0.17062500000000014
v -0.5256999947706489 0.4618749999999998 -0.17062500000000014
v -0.4618749999999999 0.45897661633066056 -0.03500000000000014
v -0.46473728962926464 0.4618749999999998 -0.03500000000000014
v -0.8687499999999999 0.6854817801333872 -0.44187500000000013
v -0.896550456873723 0.733125 -0.44187500000000013
v -1.004375 0.8687499999999999 -0.46978664279233584
v -0.9896862183042859 0.8687499999999999 -0.44187500000000013
v -0.8687499999999999 0.733125 -0.3990921652907815
v -0.8687499999999999 0.7982708062060815 -0.30625000000000013
v -0.9288084816546008 0.8687499999999999 -0.30625000000000013
v -0.7331249999999999 0.6218022492752882 -0.30625000000000013
v -0.8157222478632664 0.733125 -0.30625000000000013
v -1.004375 0.8882257217851599 -0.44187500000000013
v -1.0968920380393459 1.0043749999999998 -0.44187500000000013
v -1.14 1.0043749999999998 -0.5404657661543104
v -1.14 1.0557753007294812 -0.44187500000000013
v -1.004375 0.9541893210215724 -0.30625000000000013
v -1.0498331597630786 1.0043749999999998 -0.30625000000000013
v -1.14 1.1020413566091352 -0.30625000000000013
v -0.8687499999999999 0.8487796285176064 -0.17062500000000014
v -0.8878275753248455 0.8687499999999999 -0.17062500000000014
v -0.8687499999999999 0.8679373077809933 -0.03500000000000014
v -0.8695611734906554 0.8687499999999999 -0.03500000000000014
v -0.7331249999999999 0.7043724840255023 -0.17062500000000014
v -0.7597255710941684 0.733125 -0.17062500000000014
v -0.7331249999999999 0.7319827381108146 -0.03500000000000014
v -0.7342637093485294 0.733125 -0.03500000000000014
v -1.004375 0.9896216127824833 -0.17062500000000014
v -1.0187027128486195 1.0043749999999998 -0.17062500000000014
v -1.14 1.1286297447297484 -0.17062500000000014
v -1.004375 1.003767272934305 -0.03500000000000014
v -1.0049819921745515 1.0043749999999998 -0.03500000000000014
v -1.14 1.1395284085495632 -0.03500000000000014
v 1.03 0.4618749999999998 -0.625677296492132
v 1.03 0.35738966105114334 -0.5775000000000001
v 0.9671602147439649 0.4618749999999998 -0.5775000000000001
v 1.03 0.5974999999999999 -0.6485187087702252
v 1.03 0.5946707772653146 -0.6485297359416258
v 0.9533490859554357 0.5504163514080544 -0.5775000000000001
v 0.9566481621092187 0.5974999999999999 -0.5775000000000001
v 1.03 0.733125 -0.6194658648898033
v 0.9961840952145862 0.733125 -0.5775000000000001
v 1.03 0.8037024784234663 -0.5775000000000001
v 0.21625000000000005 0.19062500000000004 -0.04458126303361065
v 0.21625000000000005 0.12485199571225691 -0.06238902964858406
v 0.14709435007502503 0.08492496261208915 -0.03500000000000014
v 0.20679487453318623 0.19062500000000004 -0.03500000000000014
v 0.21625000000000005 0.20172088380864062 -0.03500000000000014
v 0.48750000000000004 0.19062500000000004 -0.19589872959225518
v 0.48750000000000004 0.13222792772015457 -0.17062500000000014
v 0.43481174234458897 0.19062500000000004 -0.17062500000000014
v 0.48750000000000004 0.32624999999999993 -0.20690482696610812
v 0.48750000000000004 0.2814582562299426 -0.2111718316239921
v 0.422907842029693 0.24416595643824723 -0.17062500000000014
v 0.4423505129341472 0.32624999999999993 -0.17062500000000014
v 0.33017218519281677 0.19062500000000004 -0.11770225486702168
v 0.35187499999999994 0.19062500000000004 -0.12913371975640264
v 0.35187499999999994 0.20315512597109953 -0.12949609582669974
v 0.35187499999999994 0.32624999999999993 -0.07529429564735546
v 0.33195459293709173 0.32624999999999993 -0.03500000000000014
v 0.48750000000000004 0.40774580584835163 -0.17062500000000014
v 0.35187499999999994 0.3468197244152964 -0.03500000000000014
v 0.48750000000000004 0.4618749999999998 -0.10600175618570318
v 0.46473728962926475 0.4618749999999998 -0.03500000000000014
v 0.48750000000000004 0.484902017348809 -0.03500000000000014
v 0.75875 0.19062500000000004 -0.3206496529721684
v 0.75875 0.17170610158372224 -0.30625000000000013
v 0.726874189489702 0.19062500000000004 -0.30625000000000013
v 0.75875 0.32624999999999993 -0.3912759775720971
v 0.627626573799936 0.32624999999999993 -0.30625000000000013
v 1.03 0.19062500000000004 -0.44193568774156433
v 1.03 0.19056865434443582 -0.44187500000000013
v 1.029863402752966 0.19062500000000004 -0.44187500000000013
v 0.8943749999999999 0.32624999999999993 -0.47565091964935946
v 0.8943749999999999 0.2682179989821667 -0.44187500000000013
v 0.8395935155253764 0.32624999999999993 -0.44187500000000013
v 1.03 0.32624999999999993 -0.5580258783061725
v 0.8943749999999999 0.1193767798951999 -0.30625000000000013
v 0.8943749999999999 0.19062500000000004 -0.381517093940429
v 1.03 0.08907128552655674 -0.30625000000000013
v 0.75875 0.4618749999999998 -0.409110072016555
v 0.75875 0.4380645167476285 -0.41003611773226145
v 0.6245991090285758 0.3606124637332486 -0.30625000000000013
v 0.6452829498086623 0.4618749999999998 -0.30625000000000013
v 0.75875 0.5974999999999999 -0.3614836776657421
v 0.7169207712567787 0.5974999999999999 -0.30625000000000013
v 0.7975359150911374 0.4604575752662625 -0.44187500000000013
v 0.7975396860393089 0.4618749999999998 -0.44187500000000013
v 0.7999909667458751 0.4618749999999998 -0.4439169024813021
v 0.8943749999999999 0.4618749999999998 -0.5205053039925482
v 0.8269161847303739 0.5974999999999999 -0.44187500000000013
v 0.8943749999999999 0.5974999999999999 -0.5144249054997606
v 0.8943749999999999 0.5163676470064715 -0.5247513124292832
v 0.6231250000000002 0.07611383373303604 -0.17062500000000014
v 0.6231250000000002 0.19062500000000004 -0.2590171288677162
v 0.5650815759693462 0.32624999999999993 -0.2635365027491451
v 0.6231250000000002 0.32624999999999993 -0.3032361466654847
v 0.6231250000000002 0.3597613864887854 -0.30516647438594713
v 0.6231250000000002 0.4618749999999998 -0.2842673353882753
v 0.5256999947706489 0.4618749999999998 -0.17062500000000014
v 0.6231250000000002 0.5815718258987321 -0.17062500000000014
v 0.6369699782078235 0.5974999999999999 -0.17062500000000014
v 0.5992132001258155 0.5974999999999999 -0.03500000000000014
v 0.6231250000000002 0.5974999999999999 -0.13670739952883915
v 0.75875 0.6581827840368051 -0.30625000000000013
v 0.8943749999999999 0.729575531684219 -0.44187500000000013
v 0.896550456873723 0.733125 -0.44187500000000013
v 0.9896862183042863 0.8687499999999999 -0.44187500000000013
v 1.03 0.8687499999999999 -0.5157404132197952
v 0.8943749999999999 0.733125 -0.4386310535881781
v 0.8157222478632664 0.733125 -0.30625000000000013
v 0.8943749999999999 0.8286913311972435 -0.30625000000000013
v 0.928808481654601 0.8687499999999999 -0.30625000000000013
v 1.03 0.921407706329576 -0.44187500000000013
v 1.03 0.9825718148919489 -0.30625000000000013
v 0.75875 0.7320750871904484 -0.17062500000000014
v 0.6231250000000002 0.6215415187079123 -0.03500000000000014
v 0.7342637093485291 0.733125 -0.03500000000000014
v 0.75875 0.733125 -0.1674122255735362
v 0.75875 0.7576838345582737 -0.03500000000000014
v 0.7597255710941684 0.733125 -0.17062500000000014
v 0.8878275753248455 0.8687499999999999 -0.17062500000000014
v 0.8943749999999999 0.8687499999999999 -0.19811661432372074
v 0.8695611734906554 0.8687499999999999 -0.03500000000000014
v 0.8943749999999999 0.8755896130983043 -0.17062500000000014
v 1.0187027128486197 1.0043749999999998 -0.17062500000000014
v 1.03 1.0043749999999998 -0.22882074181499756
v 1.03 1.015994799904797 -0.17062500000000014
v 0.8943749999999999 0.8936083000470216 -0.03500000000000014
v 1.0049819921745515 1.0043749999999998 -0.03500000000000014
v 1.03 1.0294221738591312 -0.03500000000000014
v -1.004375 -1.0093565626729637 0.10062499999999996
v -1.004375 -1.004375 -2.220446049250313e-16
v -1.03 -1.03 0
v -1.0252168178805148 -1.03 0.10062499999999996
v -0.8880233381789617 -0.894375 0.10062499999999996
v -0.8943749999999999 -0.894375 0
v -0.8687499999999999 -0.8753818536435684 0.10062499999999996
v -0.8687499999999999 -0.86875 0
v -1.004375 -1.03 0.23172135239604064
v -0.8687499999999999 -0.894375 0.20101724396938425
v -0.8687499999999999 -0.9036011480824702 0.23624999999999985
v -1.003350183039713 -1.03 0.23624999999999985
v -0.7499044814929845 -0.75875 0.10062499999999996
v -0.75875 -0.75875 0
v -0.8587787725879357 -0.894375 0.23624999999999985
v -0.7331249999999999 -0.75875 0.17031288560736169
v -0.7331249999999999 -0.7803805856478606 0.23624999999999985
v -0.7086190929142884 -0.75875 0.23624999999999985
v -0.7331249999999999 -0.7423688866277489 0.10062499999999996
v -0.7331249999999999 -0.733125 -2.220446049250313e-16
v -0.6099470407384906 -0.623125 0.10062499999999996
v -0.6231249999999999 -0.623125 -2.220446049250313e-16
v -0.5974999999999999 -0.6112057793546481 0.10062499999999996
v -0.5974999999999999 -0.5974999999999999 -2.220446049250313e-16
v -0.5974999999999999 -0.6641151953681277 0.23624999999999985
v -0.5974999999999999 -0.623125 0.13960811240335613
v -0.962619799315379 -1.03 0.37187499999999973
v -0.8687499999999999 -0.9489261245747458 0.37187499999999973
v -0.9004695377132502 -1.03 0.5074999999999998
v -0.8687499999999999 -1.0054310373083397 0.5074999999999998
v -0.8032954390248047 -0.894375 0.37187499999999973
v -0.7331249999999999 -0.8381352588218027 0.37187499999999973
v -0.6272478994858336 -0.75875 0.37187499999999973
v -0.7331249999999999 -0.894375 0.48447367744865666
v -0.7331249999999999 -0.906430227590843 0.5074999999999998
v -0.7154950702008669 -0.894375 0.5074999999999998
v -0.5974999999999999 -0.75875 0.40735128373355445
v -0.5974999999999999 -0.8193569171787229 0.5074999999999998
v -0.5974999999999999 -0.7378545798834384 0.37187499999999973
v -0.4657104443199852 -0.48750000000000004 0.10062499999999996
v -0.48750000000000004 -0.48750000000000004 -2.220446049250313e-16
v -0.5465469348409863 -0.623125 0.23624999999999985
v -0.4618749999999999 -0.48750000000000004 0.10890257346735432
v -0.4618749999999999 -0.5595349205586742 0.23624999999999985
v -0.35094994712154526 -0.48750000000000004 0.23624999999999985
v -0.48605910861069834 -0.75875 0.5074999999999998
v -0.4618749999999999 -0.6522008702443807 0.37187499999999973
v -0.4618749999999999 -0.623125 0.33018118250628703
v -0.4078643725152108 -0.623125 0.37187499999999973
v -0.32624999999999993 -0.48750000000000004 0.2529197084180075
v -0.32624999999999993 -0.5853868350436406 0.37187499999999973
v -0.4618749999999999 -0.7470547145517876 0.5074999999999998
v -0.32624999999999993 -0.6918783316752227 0.5074999999999998
v -0.32624999999999993 -0.623125 0.41907648915176043
v -0.19062499999999993 -0.5405355183263518 0.37187499999999973
v -0.19062499999999993 -0.48750000000000004 0.31327735346703967
v -0.05499999999999994 -0.5190777859528882 0.37187499999999973
v -0.05499999999999994 -0.48750000000000004 0.33820516609744433
v -0.19062499999999993 -0.6552766711892148 0.5074999999999998
v -0.19062499999999993 -0.623125 0.46830214230171396
v -0.05499999999999994 -0.6378293025453159 0.5074999999999998
v -0.05499999999999994 -0.623125 0.48996427569270606
v -1.004375 0.01003837426592935 0.10062499999999996
v -1.14 0.007791523262162592 0.10062499999999996
v -1.14 0 -2.220446049250313e-16
v -1.004375 0 -2.220446049250313e-16
v -0.8687499999999999 0.013419174010378176 0.10062499999999996
v -0.8687499999999999 0 -2.220446049250313e-16
v -1.0088736969331875 0.05499999999999994 0.23624999999999985
v -1.004375 0.05499999999999994 0.23519338369600207
v -1.14 0.04300832230900542 0.23624999999999985
v -0.8687499999999999 0.05499999999999994 0.20333122223972366
v -0.7331249999999999 0.018851372555100054 0.10062499999999996
v -0.7331249999999999 0 -2.220446049250313e-16
v -0.5974999999999999 0.02842628268710934 0.10062499999999996
v -0.5974999999999999 -2.220446049250313e-16 -2.220446049250313e-16
v -0.7331249999999999 0.05499999999999994 0.17144853341272714
v -0.5974999999999999 0.05499999999999994 0.13953124650056004
v -1.14 0.05499999999999994 0.26704236555273364
v -0.4618749999999999 -0.48399282467522864 0.10062499999999996
v -0.4618749999999999 -0.4618749999999999 -2.220446049250313e-16
v -0.35187500000000016 -0.35187500000000005 -2.220446049250313e-16
v -0.32624999999999993 -0.35187500000000005 0.07819536674803329
v -0.32624999999999993 -0.366183308376443 0.10062499999999996
v -0.32624999999999993 -0.3262499999999998 -2.220446049250313e-16
v -0.32624999999999993 -0.473593930978371 0.23624999999999985
v -0.3082863648709101 -0.35187500000000005 0.10062499999999996
v -0.21625000000000072 -0.21625000000000005 -2.220446049250313e-16
v -0.19062499999999993 -0.21625000000000005 0.04748325671190656
v -0.19062499999999993 -0.2713822544901746 0.10062499999999996
v -0.05499999999999994 -0.2210003806666564 0.10062499999999996
v -0.05499999999999994 -0.21625000000000005 0.09725519145847739
v -0.19062499999999993 -0.41379062635738073 0.23624999999999985
v -0.19062499999999993 -0.35187500000000005 0.17544618899929132
v -0.05499999999999994 -0.38480078494246106 0.23624999999999985
v -0.05499999999999994 -0.35187500000000005 0.20616337847213995
v -0.4618749999999999 0.04798165807348598 0.10062499999999996
v -0.4618749999999999 -4.440892098500626e-16 -2.220446049250313e-16
v -0.43257717388188077 0.05499999999999994 0.10062499999999996
v -0.32624999999999993 0.05499999999999994 0.07541732849617566
v -0.32624999999999993 -8.881784197001252e-16 -2.220446049250313e-16
v -0.4618749999999999 0.05499999999999994 0.10754856279548819
v -0.19062499999999993 -0.19062499999999893 -2.220446049250313e-16
v -0.08062500000000661 -0.08062500000000006 -2.220446049250313e-16
v -0.05499999999999994 -0.08062500000000006 0.01673927624303717
v -0.05499999999999994 -0.08062500000000006 -0.016739276243037393
v -0.19062499999999993 -2.4424906541753444e-15 -2.220446049250313e-16
v -0.19062499999999993 0.05499999999999994 0.04280431034808374
v -0.19062499999999993 0.030402465210543683 0.03281249999999991
v -0.12281249999999999 0.05499999999999994 0.025752379668563252
v -0.12281249999999999 -5.773159728050814e-15 -2.220446049250313e-16
v -0.12281249999999999 0.05499999999999994 -0.025752379668563252
v -0.05500000000007588 0.05499999999999994 -2.220446049250313e-16
v -0.09526279441628871 0.05499999999999994 -0.018241436346957185
v -0.05499999999999994 0.03175426480542898 -0.008002360111723172
v -0.05499999999999994 0.052216507142184954 0.004356781093117323
v -0.05499999999999994 0.03175426480542898 0.00800236011172295
v -0.09526279441628871 0.05499999999999994 0.018241436346956963
v -0.12281249999999999 0.02109374999999991 0.0175718396966158
v -0.05499999999999994 0.02109374999999991 0.007377195128581482
v -0.05499999999999994 0.0003954879077525675 -0.0010937500000001155
v -0.12281249999999999 0.00007931424035323431 -0.0010937500000001155
v -0.05499999999999994 -2.731148640577885e-14 -2.220446049250313e-16
v -0.05499999999999994 -0.05499999999998595 -2.220446049250313e-16
v -0.8687499999999999 -1.03 0.5615680195889006
v -0.7331249999999999 -0.9796331443816326 0.643125
v -0.8119957639990661 -1.03 0.643125
v -0.5974999999999999 -0.894375 0.629379882793559
v -0.5974999999999999 -0.9028430111390588 0.643125
v -0.7331249999999999 -1.03 0.7342551098945445
v -0.5974999999999999 -0.9859509536605036 0.7787499999999998
v -0.6871041225627441 -1.03 0.7787499999999998
v -0.5974999999999999 -1.03 0.8514755207872975
v -0.5809043635734806 -0.894375 0.643125
v -0.4618749999999999 -0.75875 0.5243572725884575
v -0.4618749999999999 -0.840053434766631 0.643125
v -0.32624999999999993 -0.792628312750356 0.643125
v -0.32624999999999993 -0.75875 0.5967017025910013
v -0.4618749999999999 -0.9302057486276653 0.7787499999999998
v -0.4618749999999999 -0.894375 0.72430712446232
v -0.3490467229024722 -0.894375 0.7787499999999998
v -0.32624999999999993 -0.8883284759420556 0.7787499999999998
v -0.19062499999999993 -0.7613242628837271 0.643125
v -0.19062499999999993 -0.75875 0.6397203967634266
v -0.17487597835259572 -0.75875 0.643125
v -0.19062499999999993 -0.8607535905543401 0.7787499999999998
v -0.05499999999999994 -0.8476361830235304 0.7787499999999998
v -0.05499999999999994 -0.75875 0.6591800526387877
v -0.05499999999999994 -0.746423083838276 0.643125
v -0.4618749999999999 -1.01740294759025 0.9143749999999997
v -0.4991695621934378 -1.03 0.9143749999999997
v -0.32624999999999993 -0.9797115705813478 0.9143749999999997
v -0.32624999999999993 -0.894375 0.7875405165358456
v -0.4618749999999999 -1.03 0.934343956424105
v -0.32624999999999993 -1.03 0.9915113542592437
v -0.19062499999999993 -0.9549260800313292 0.9143749999999997
v -0.19062499999999993 -0.894375 0.826387802899613
v -0.05499999999999994 -0.9431397344203423 0.9143749999999997
v -0.05499999999999994 -0.894375 0.8442221374342089
v -0.19062499999999993 -1.03 1.0272774565112628
v -0.05499999999999994 -1.03 1.0438444568037903
v 0.48750000000000004 -0.5075488530478335 0.10062499999999996
v 0.48750000000000004 -0.48750000133152993 -2.220446049250313e-16
v 0.4874791910862024 -0.48750000000000004 0.0031450313679393105
v 0.4657104443199853 -0.48750000000000004 0.10062499999999996
v 0.35187499999999994 -0.48750000000000004 0.23557825506148156
v 0.35187499999999994 -0.4880372561756967 0.23624999999999985
v 0.35094994712154537 -0.48750000000000004 0.23624999999999985
v 0.48750000000000004 -0.57810306698535 0.23624999999999985
v 0.48750000000000004 -0.75875 0.5064502748141959
v 0.48750000000000004 -0.7594638272721383 0.5074999999999998
v 0.48605910861069823 -0.75875 0.5074999999999998
v 0.08062500000000017 -0.48750000000000004 0.33569105058865145
v 0.08062500000000017 -0.5213178917701458 0.37187499999999973
v 0 -0.5171279230120231 0.37187499999999973
v 0 -0.48750000000000004 0.34037835106686787
v 0.21625000000000005 -0.5472392170160141 0.37187499999999973
v 0.21625000000000005 -0.48750000000000004 0.3050572756159897
v 0.08062500000000017 -0.623125 0.487749309247973
v 0.08062500000000017 -0.6396500570914525 0.5074999999999998
v 0 -0.6362444852676042 0.5074999999999998
v 0 -0.623125 0.4918840763636063
v 0.21625000000000005 -0.6607328896873651 0.5074999999999998
v 0.21625000000000005 -0.623125 0.46131343806003056
v 0.48750000000000004 -0.623125 0.3063664371285275
v 0.48750000000000004 -0.6670608598987896 0.37187499999999973
v 0.4078643725152109 -0.623125 0.37187499999999973
v 0.35187499999999994 -0.5963995823003565 0.37187499999999973
v 0.35187499999999994 -0.700910513883882 0.5074999999999998
v 0.35187499999999994 -0.623125 0.40595207826016844
v 0.75875 -0.7673956269091933 0.10062499999999996
v 0.75875 -0.7587500001457899 -2.220446049250313e-16
v 0.7587414117967941 -0.75875 0.0031446164687605194
v 0.7499044814929845 -0.75875 0.10062499999999996
v 0.75875 -0.8032359976464107 0.23624999999999985
v 0.7086190929142884 -0.75875 0.23624999999999985
v 0.8943749999999999 -0.9006381642724928 0.10062499999999996
v 0.8943749999999999 -0.8943750000640666 -2.220446049250313e-16
v 0.8943688191063222 -0.894375 0.003144575391090365
v 0.888023338178962 -0.894375 0.10062499999999996
v 1.0252168178805146 -1.03 0.10062499999999996
v 1.0299953397195096 -1.03 0.0031445563438758928
v 0.8943749999999999 -0.9274100308122897 0.23624999999999985
v 0.8587787725879359 -0.894375 0.23624999999999985
v 1.0033501830397127 -1.03 0.23624999999999985
v 0.6231250000000002 -0.6357757517583146 0.10062499999999996
v 0.6231250000000002 -0.6231250003902433 -2.220446049250313e-16
v 0.6231122657602026 -0.623125 0.0031447185958264345
v 0.6099470407384906 -0.623125 0.10062499999999996
v 0.6231250000000002 -0.6853626987554896 0.23624999999999985
v 0.5465469348409862 -0.623125 0.23624999999999985
v 0.75875 -0.8583759700809381 0.37187499999999973
v 0.6272478994858337 -0.75875 0.37187499999999973
v 0.75875 -0.894375 0.44779841083689287
v 0.75875 -0.9243098284824051 0.5074999999999998
v 0.7154950702008671 -0.894375 0.5074999999999998
v 0.6231250000000002 -0.8347598964150393 0.5074999999999998
v 0.6231250000000002 -0.75875 0.3770974603851185
v 0.8943749999999999 -0.9707543038836092 0.37187499999999973
v 0.8032954390248048 -0.894375 0.37187499999999973
v 0.9626197993153791 -1.03 0.37187499999999973
v 0.8943749999999999 -1.0252422444060123 0.5074999999999998
v 0.9004695377132503 -1.03 0.5074999999999998
v 0.6231250000000002 -0.7558137737435523 0.37187499999999973
v 0.08062500000000017 -0.21625000000000005 0.0933114089646534
v 0.08062500000000017 -0.22634908387829145 0.10062499999999996
v 0 -0.21634021762755995 0.10062499999999996
v 0 -0.21625000000000005 0.10056206300402337
v 0.21625000000000005 -0.2162500000000417 -2.220446049250313e-16
v 0.21614346791993944 -0.21625000000000005 0.003157435727816793
v 0.21625000000000005 -0.2865337318908323 0.10062499999999996
v 0.08062500000000017 -0.35187500000000005 0.2031758734369684
v 0.08062500000000017 -0.38783175564364636 0.23624999999999985
v 0 -0.3821623317544073 0.23624999999999985
v 0 -0.35187500000000005 0.20872891629586676
v 0.21625000000000005 -0.42281276275609914 0.23624999999999985
v 0.21625000000000005 -0.35187500000000005 0.16465921172488152
v 0.35187499999999994 -0.3872504304189941 0.10062499999999996
v 0.35187499999999994 -0.35187500000000005 -2.220446049250313e-16
v 0.35183502788311993 -0.35187500000000005 0.0031463739217749698
v 0.30828636487091 -0.35187500000000005 0.10062499999999996
v -2.220446049250313e-16 -0.08062500000000006 -0.022893099269009287
v -2.220446049250313e-16 -0.08062500000000006 0.022893099269008843
v 0.08062500000000017 -0.08062500533895967 -2.220446049250313e-16
v 0.07958667820267085 -0.08062500000000006 0.0037221635298028133
v -0.02109374999999991 0.012178482240717603 0.001900661372530088
v -0.00000538126687432694 0.0000041709216769270085 -2.220446049250313e-16
v -0.00000538126687432694 0.0000041709216769270085 -2.220446049250313e-16
v -0.00000538126687432694 0.0000041709216769270085 -2.220446049250313e-16
v -0.00000538126687432694 0.0000041709216769270085 -2.220446049250313e-16
v -0.00000538126687432694 0.0000041709216769270085 -2.220446049250313e-16
v -0.00000538126687432694 0.0000041709216769270085 -2.220446049250313e-16
v -0.00000538126687432694 0.0000041709216769270085 -2.220446049250313e-16
v 0.012812500000000115 0.012617187499999849 0.00006320267207793329
v 0.012812500000000115 -4.836131495267182e-13 -2.220446049250313e-16
v -0.00000538126687432694 0.0000041709216769270085 -2.220446049250313e-16
v 0.012812500000000115 0.012812500000239258 -2.220446049250313e-16
v -0.00000538126687432694 0.0000041709216769270085 -2.220446049250313e-16
v -0.00000538126687432694 0.0000041709216769270085 -2.220446049250313e-16
v -0.00000538126687432694 0.0000041709216769270085 -2.220446049250313e-16
v -1.3322676295501878e-15 -0.020172421471629454 0.002865081960750082
v -0.00000538126687432694 0.0000041709216769270085 -2.220446049250313e-16
v 0.08062500000000017 0.04654886545341319 -0.014202952946432701
v 0.08062500000000017 0.05499999999999994 -0.01382557356405445
v 0.05499999999998795 0.05499999999999994 -2.220446049250313e-16
v -0.00000538126687432694 0.0000041709216769270085 -2.220446049250313e-16
v 0.08062500000000017 0.05499999999999994 0.013825573564054006
v -0.00000538126687432694 0.0000041709216769270085 -2.220446049250313e-16
v 0.08062500000000017 0.04654886545341319 0.014202952946432257
v -0.00000538126687432694 0.0000041709216769270085 -2.220446049250313e-16
v 0.012812500000000115 0.012540338791493078 0.0010825676906620618
v -0.00000538126687432694 0.0000041709216769270085 -2.220446049250313e-16
v 0.08062500000000017 0.02109374999999991 0.011301859535547853
v 0.08062500000000017 0.00018403437030656278 -0.0010937500000001155
v 0.08062500000000017 -1.176836406102666e-14 -2.220446049250313e-16
v -0.00000538126687432694 0.0000041709216769270085 -2.220446049250313e-16
v -0.00000538126687432694 0.0000041709216769270085 -2.220446049250313e-16
v -0.00000538126687432694 0.0000041709216769270085 -2.220446049250313e-16
v -0.00000538126687432694 0.0000041709216769270085 -2.220446049250313e-16
v -0.00000538126687432694 0.0000041709216769270085 -2.220446049250313e-16
v 0.09526279441628893 0.05499999999999994 -0.018241436346956963
v 0.09526279441628871 0.05499999999999994 0.01824143634695674
v 0.1484375 0.05499999999999994 0.03233385265234889
v 0.1484375 0.02109374999999991 0.0213398123777071
v 0.1484375 0.05499999999999994 -0.032333852652349115
v 0.1484375 0.00005429363606923587 -0.0010937500000001155
v 0.1484375 -3.3306690738754696e-15 -2.220446049250313e-16
v 0.21625000000000005 -1.5543122344752192e-15 -2.220446049250313e-16
v 0.21625000000000005 0.023293504874218218 0.03281249999999991
v 0.21625000000000005 0.05499999999999994 0.049047410099821054
v 0.35187499999999994 0.05499999999999994 0.08150770429459442
v 0.35187499999999994 -4.440892098500626e-16 -2.220446049250313e-16
v 0.4325771738818813 0.05499999999999994 0.10062499999999996
v 0.48750000000000004 0.04293830218235217 0.10062499999999996
v 0.48750000000000004 -2.220446049250313e-16 -2.220446049250313e-16
v 0.48750000000000004 0.05499999999999994 0.11359893815524869
v 0.6231250000000002 -2.220446049250313e-16 -2.220446049250313e-16
v 0.6231250000000002 0.02612314063496668 0.10062499999999996
v 0.75875 -2.220446049250313e-16 -2.220446049250313e-16
v 0.75875 0.017597381400106027 0.10062499999999996
v 0.6231250000000002 0.05499999999999994 0.14556540491948966
v 0.75875 0.05499999999999994 0.1774745360255945
v 0.8943749999999999 0 -2.220446049250313e-16
v 0.8943749999999999 0.012660752594918279 0.10062499999999996
v 1.03 0 -2.220446049250313e-16
v 1.03 0.009544971471162178 0.10062499999999996
v 0.8943749999999999 0.05499999999999994 0.20935255010239295
v 1.0088736969331868 0.05499999999999994 0.23624999999999985
v 1.03 0.05274844917186061 0.23624999999999985
v 1.03 0.05499999999999994 0.24121178453798642
v 0.21625000000000005 -0.75875 0.6335071650147295
v 0.21625000000000005 -0.7659859592076171 0.643125
v 0.17487597835259572 -0.75875 0.643125
v 0.08062500000000017 -0.75875 0.6571768324889093
v 0.08062500000000017 -0.8490047984922575 0.7787499999999998
v 0 -0.8464449269400564 0.7787499999999998
v 0 -0.75875 0.6609187246151182
v 0.21625000000000005 -0.8648579556670997 0.7787499999999998
v 0.35187499999999994 -0.8003686993240006 0.643125
v 0.35187499999999994 -0.75875 0.5855494502528424
v 0.48750000000000004 -0.8507726301275025 0.643125
v 0.35187499999999994 -0.894375 0.7776107977223403
v 0.35187499999999994 -0.8951533210424761 0.7787499999999998
v 0.3490467229024721 -0.894375 0.7787499999999998
v 0.48750000000000004 -0.9396950763207215 0.7787499999999998
v 0.48750000000000004 -0.894375 0.7091281217912841
v 0.08062500000000017 -0.7479779096734049 0.643125
v 0 -0.7450697444577417 0.643125
v 0.08062500000000017 -0.894375 0.842379198961934
v 0.08062500000000017 -0.9443694311761958 0.9143749999999997
v 0 -0.9420693961798207 0.9143749999999997
v 0 -0.894375 0.8458229730321731
v 0.21625000000000005 -0.9586142983803438 0.9143749999999997
v 0.21625000000000005 -0.894375 0.8207264424341074
v 0.08062500000000017 -1.03 1.0421283978743934
v 0 -1.03 1.0453358312044982
v 0.21625000000000005 -1.03 1.022037188963787
v 0.35187499999999994 -0.9858492210550276 0.9143749999999997
v 0.48750000000000004 -1.0259559546327561 0.9143749999999997
v 0.35187499999999994 -1.03 0.9824441479831054
v 0.48750000000000004 -1.03 0.9208371530840833
v 0.6231250000000002 -0.894375 0.6067489715303394
v 0.6231250000000002 -0.9163302272387029 0.643125
v 0.5809043635734807 -0.894375 0.643125
v 0.75875 -0.9955667396512277 0.643125
v 0.6231250000000002 -0.9979799076556048 0.7787499999999998
v 0.75875 -1.03 0.7069330877989795
v 0.6871041225627441 -1.03 0.7787499999999998
v 0.8119957639990663 -1.03 0.643125
v 0.8943749999999999 -1.03 0.5184815909521281
v 0.49916956219343755 -1.03 0.9143749999999997
v 0.6231250000000002 -1.03 0.8323422922129151
v -1.004375 0.055498328282380216 0.23624999999999985
v -0.8687499999999999 0.07450057882783523 0.23624999999999985
v -0.7331249999999999 0.10606554595571627 0.23624999999999985
v -0.5974999999999999 0.1701332157619293 0.23624999999999985
v -0.6115165659736871 0.5974999999999999 0.10062499999999996
v -0.5974999999999999 0.5827794966675388 0.10062499999999996
v -0.5974999999999999 0.5974861505508666 0.0031447529423396237
v -0.5975000001605139 0.5974999999999999 -2.220446049250313e-16
v -0.6711325553895933 0.5974999999999999 0.23624999999999985
v -0.5974999999999999 0.4939819796061984 0.23624999999999985
v -1.14 0.10736269497049578 0.37187499999999973
v -1.004375 0.13979720730900214 0.37187499999999973
v -0.8728109510075881 0.19062500000000004 0.37187499999999973
v -0.8687499999999999 0.19062500000000004 0.37005788814207397
v -0.8687499999999999 0.19271677557774214 0.37187499999999973
v -1.004375 0.19062500000000004 0.430545824542812
v -1.14 0.19062500000000004 0.4907232821047003
v -1.14 0.20478986570113267 0.5074999999999998
v -1.004375 0.2762058059472863 0.5074999999999998
v -0.946511229169757 0.32624999999999993 0.5074999999999998
v -0.8687499999999999 0.32624999999999993 0.4598954194977374
v -0.7331249999999999 0.19062500000000004 0.3090772399164565
v -0.5974999999999999 0.19062500000000004 0.24723957208719516
v -0.7331249999999999 0.3160179735901154 0.37187499999999973
v -0.7282304375421524 0.32624999999999993 0.37187499999999973
v -0.5974999999999999 0.32624999999999993 0.2859152757756658
v -0.7331249999999999 0.32624999999999993 0.3749994433589616
v -0.8780435357499998 0.4618749999999998 0.5074999999999998
v -0.8687499999999999 0.4618749999999998 0.5000582195108789
v -0.8687499999999999 0.5974999999999999 0.4874811655015505
v -0.8687499999999999 0.5015730463584875 0.5023614244218959
v -0.8746641502742961 0.5049875826113803 0.5074999999999998
v -0.8877289762960587 0.5974999999999999 0.5074999999999998
v -0.7160591652051215 0.4618749999999998 0.37187499999999973
v -0.5974999999999999 0.4618749999999998 0.2576065868033135
v -0.5974999999999999 0.3449667858408014 0.2865371396376366
v -0.7109110818841597 0.4104447044957076 0.37187499999999973
v -0.7331249999999999 0.5974999999999999 0.32837241713630183
v -0.7331249999999999 0.5221172852316871 0.37187499999999973
v -0.7671086289017772 0.5974999999999999 0.37187499999999973
v -0.7331249999999999 0.4232699160996445 0.38944048820239496
v -0.7331249999999999 0.4618749999999998 0.38692879775386313
v -0.7999909667458751 0.4618749999999998 0.4439169024813019
v -0.32624999999999993 0.10646658648931329 0.10062499999999996
v -0.37077586568792187 0.32624999999999993 0.10062499999999996
v -0.32624999999999993 0.2597167218871299 0.10062499999999996
v -0.32624999999999993 0.32620349956609274 0.003147030108971993
v -0.3262500033145793 0.32624999999999993 -2.220446049250313e-16
v -0.5737011178237432 0.19062500000000004 0.23624999999999985
v -0.4618749999999999 0.19062500000000004 0.1836813487826814
v -0.32624999999999993 0.18836052532311554 0.11561118091084466
v -0.32624999999999993 0.19062500000000004 0.11559859812589401
v -0.3301721851928169 0.19062500000000004 0.11770225486702146
v -0.5267984896588981 0.32624999999999993 0.23624999999999985
v -0.4618749999999999 0.32624999999999993 0.1867422932332985
v -0.4618749999999999 0.26666365558195837 0.19474249975533597
v -0.5253698836072755 0.303322443724783 0.23624999999999985
v -0.19062499999999993 0.19048740889001547 0.003166111725116272
v -0.19062500000000482 0.19062500000000004 -2.220446049250313e-16
v -0.2990897756588946 0.19062500000000004 0.10062499999999996
v -0.19062499999999993 0.1100573950642727 0.05163495963213327
v -0.29740930884733385 0.17170934452250863 0.10062499999999996
v -0.48502667650764564 0.4618749999999998 0.10062499999999996
v -0.4618749999999999 0.43601116660174255 0.10062499999999996
v -0.4618749999999999 0.4618518191571239 0.003145152422916908
v -0.46187500058175257 0.4618749999999998 -2.220446049250313e-16
v -0.5780751423112332 0.4618749999999998 0.23624999999999985
v -0.5650815759693459 0.32624999999999993 0.26353650274914475
v -0.8754322865871924 0.8687499999999999 0.10062499999999996
v -0.8687499999999999 0.8619626796331901 0.10062499999999996
v -0.8687499999999999 0.8687434491961492 0.0031445808399477304
v -0.8687500000246983 0.8687499999999999 -2.220446049250313e-16
v -0.9049712511332597 0.8687499999999999 0.23624999999999985
v -0.8687499999999999 0.8291005692546349 0.23624999999999985
v -0.7424847070039919 0.733125 0.10062499999999996
v -0.7331249999999999 0.7235175140726486 0.10062499999999996
v -0.7331249999999999 0.733115801140624 0.003144629041989422
v -0.7331250000577121 0.733125 0
v -0.7833287810236433 0.733125 0.23624999999999985
v -0.7331249999999999 0.674315039692144 0.23624999999999985
v -1.0093812092703685 1.0043749999999998 0.10062499999999996
v -1.004375 0.9993181884070343 0.10062499999999996
v -1.004375 1.0043700989357014 0.003144559006595715
v -1.0043750000119578 1.0043749999999998 -2.220446049250313e-16
v -1.14 1.1360842685115264 0.10062499999999996
v -1.14 1.1399961957263411 0.003144547973096712
v -1.0316685903254392 1.0043749999999998 0.23624999999999985
v -1.004375 0.9754751837956988 0.23624999999999985
v -1.14 1.1178872172397363 0.23624999999999985
v -0.9559866449787349 0.8687499999999999 0.37187499999999973
v -0.8687499999999999 0.7562093489970039 0.37187499999999973
v -0.9427540180769727 0.733125 0.5074999999999998
v -0.8687499999999999 0.733125 0.3990921652907813
v -1.004375 0.8687499999999999 0.46978664279233584
v -1.004375 0.8373723172117584 0.5074999999999998
v -1.0252776152824563 0.8687499999999999 0.5074999999999998
v -0.852117663237778 0.733125 0.37187499999999973
v -1.0707276817674198 1.0043749999999998 0.37187499999999973
v -1.004375 0.927152897646436 0.37187499999999973
v -1.14 1.0825206322685739 0.37187499999999973
v -1.1248126467749973 1.0043749999999998 0.5074999999999998
v -1.14 1.023724880126536 0.5074999999999998
v -1.004375 0.32624999999999993 0.5425727490284422
v -1.14 0.32624999999999993 0.6239140612771719
v -1.0530099894837035 0.4618749999999998 0.643125
v -1.004375 0.4618749999999998 0.6061304634085594
v -1.14 0.3517465657864325 0.643125
v -1.004375 0.5974999999999999 0.6240419273962587
v -1.004375 0.5798761766173302 0.6244790855079001
v -1.0242694593370325 0.5913622480788185 0.643125
v -1.024324249134041 0.5974999999999999 0.643125
v -1.14 0.4618749999999998 0.7083231196605846
v -1.034900357522404 0.5974999999999999 0.6531634318836288
v -1.14 0.5974999999999999 0.7504663654188637
v -1.0495931873708897 0.733125 0.643125
v -1.004375 0.733125 0.587809085915125
v -1.1094251369256267 0.8687499999999999 0.643125
v -1.14 0.733125 0.7474857157589512
v -1.14 0.6581793068761732 0.7551467085788803
v -1.14 0.8687499999999999 0.6880107548782395
v -1.14 0.9226738326612729 0.643125
v -1.14 1.0043749999999998 0.5404657661543102
v 0.08062500000000017 0.08062500000000594 -2.220446049250313e-16
v 0.19062499999999893 0.19062500000000004 -2.220446049250313e-16
v 0.21625000000000005 0.12485199571225691 0.06238902964858384
v 0.21625000000000005 0.19062500000000004 0.04458126303361021
v 0.21625000000000005 0.21625000000000094 -2.220446049250313e-16
v 0.29908977565889505 0.19062500000000004 0.10062499999999996
v 0.29740930884733396 0.17170934452250886 0.10062499999999996
v 0.35187499999999994 0.08711773317077842 0.10062499999999996
v 0.35187499999999994 0.3001326972482157 0.10062499999999996
v 0.3262499999999995 0.32624999999999993 -2.220446049250313e-16
v 0.35187499999999994 0.32624999999999993 0.07529429564735546
v 0.3707758656879221 0.32624999999999993 0.10062499999999996
v 0.330172185192817 0.19062500000000004 0.11770225486702146
v 0.35187499999999994 0.19062500000000004 0.1291337197564022
v 0.48750000000000004 0.19062500000000004 0.19589872959225474
v 0.35187499999999994 0.20315512597109953 0.1294960958266993
v 0.48750000000000004 0.32624999999999993 0.206904826966108
v 0.48750000000000004 0.2814582562299426 0.21117183162399167
v 0.35187499999999994 0.3518750000000004 -2.220446049250313e-16
v 0.4618749999999998 0.4618749999999998 -2.220446049250313e-16
v 0.48502667650764586 0.4618749999999998 0.10062499999999996
v 0.48750000000000004 0.4646105508654812 0.10062499999999996
v 0.48750000000000004 0.48750000000000027 -2.220446049250313e-16
v 0.48750000000000004 0.4618749999999998 0.10600175618570296
v 0.6231250000000002 0.15296249425010044 0.23624999999999985
v 0.5737011178237434 0.19062500000000004 0.23624999999999985
v 0.75875 0.0986155045038819 0.23624999999999985
v 0.5253698836072758 0.303322443724783 0.23624999999999985
v 0.5267984896588982 0.32624999999999993 0.23624999999999985
v 0.8943749999999999 0.07020836143490583 0.23624999999999985
v 0.5974999999999997 0.5974999999999999 -2.220446049250313e-16
v 0.6115165659736872 0.5974999999999999 0.10062499999999996
v 0.5780751423112334 0.4618749999999998 0.23624999999999985
v 0.6231250000000002 0.5324002045053893 0.23624999999999985
v 0.6231250000000002 0.5974999999999999 0.1367073995288388
v 0.6711325553895933 0.5974999999999999 0.23624999999999985
v 0.6231250000000002 0.19062500000000004 0.2590171288677161
v 0.75875 0.19062500000000004 0.3206496529721681
v 0.5650815759693459 0.32624999999999993 0.26353650274914453
v 0.6231250000000002 0.32624999999999993 0.3032361466654845
v 0.7282304375421527 0.32624999999999993 0.37187499999999973
v 0.75875 0.2772189652018635 0.37187499999999973
v 0.75875 0.32624999999999993 0.39127597757209664
v 0.8943749999999999 0.18019900438928538 0.37187499999999973
v 0.8728109510075883 0.19062500000000004 0.37187499999999973
v 1.03 0.13254757802331119 0.37187499999999973
v 0.8943749999999999 0.19062500000000004 0.3815170939404289
v 1.03 0.19062500000000004 0.4419356877415641
v 0.8943749999999999 0.32624999999999993 0.47565091964935924
v 1.03 0.25918281125310916 0.5074999999999998
v 0.9465112291697573 0.32624999999999993 0.5074999999999998
v 0.6231250000000002 0.4618749999999998 0.284267335388275
v 0.6231250000000002 0.3597613864887854 0.3051664743859468
v 0.7160591652051216 0.4618749999999998 0.37187499999999973
v 0.71091108188416 0.4104447044957076 0.37187499999999973
v 0.75875 0.5811570048790744 0.37187499999999973
v 0.75875 0.5974999999999999 0.36148367766574196
v 0.75875 0.4618749999999998 0.4091100720165546
v 0.75875 0.4380645167476285 0.4100361177322611
v 0.7671086289017772 0.5974999999999999 0.37187499999999973
v 0.7999909667458751 0.4618749999999998 0.4439169024813019
v 0.87804353575 0.4618749999999998 0.5074999999999998
v 0.8943749999999999 0.40507859183017136 0.5074999999999998
v 0.874664150274296 0.5049875826113801 0.5074999999999998
v 0.887728976296059 0.5974999999999999 0.5074999999999998
v 0.6231250000000002 0.6096526111233478 0.10062499999999996
v 0.6231250000000002 0.6231250000000002 -2.220446049250313e-16
v 0.7331249999999998 0.733125 -2.220446049250313e-16
v 0.7424847070039919 0.733125 0.10062499999999996
v 0.75875 0.7497982455090872 0.10062499999999996
v 0.75875 0.7587499999999998 -2.220446049250313e-16
v 0.75875 0.7046204931425286 0.23624999999999985
v 0.75875 0.733125 0.16741222557353597
v 0.8687500000000001 0.8687499999999999 -2.220446049250313e-16
v 0.8754322865871924 0.8687499999999999 0.10062499999999996
v 0.7833287810236436 0.733125 0.23624999999999985
v 0.8943749999999999 0.8572016693773836 0.23624999999999985
v 0.8943749999999999 0.8687499999999999 0.19811661432372074
v 0.9049712511332599 0.8687499999999999 0.23624999999999985
v 0.8943749999999999 0.8879774116775745 0.10062499999999996
v 0.8943749999999999 0.8943749999999999 -2.220446049250313e-16
v 1.0043750000000002 1.0043749999999998 0
v 1.0093812092703682 1.0043749999999998 0.10062499999999996
v 1.03 1.0251943438952138 0.10062499999999996
v 1.03 1.03 -2.220446049250313e-16
v 1.03 1.0026122674694673 0.23624999999999985
v 1.03 1.0043749999999998 0.22882074181499745
v 0.852117663237778 0.733125 0.37187499999999973
v 0.8943749999999999 0.7905552994943237 0.37187499999999973
v 0.9559866449787349 0.8687499999999999 0.37187499999999973
v 0.8943749999999999 0.733125 0.4386310535881781
v 0.8943749999999999 0.6201636525758405 0.5074999999999998
v 0.9427540180769729 0.733125 0.5074999999999998
v 1.0252776152824563 0.8687499999999999 0.5074999999999998
v 1.03 0.9573097955920227 0.37187499999999973
v 1.03 0.87565393893526 0.5074999999999998
v 1.03 0.32624999999999993 0.558025878306172
v 0.8943749999999999 0.4618749999999998 0.520505303992548
v 1.03 0.4618749999999998 0.6256772964921318
v 0.8943749999999999 0.5974999999999999 0.5144249054997603
v 0.8943749999999999 0.5163676470064715 0.5247513124292829
v 1.0243242491340407 0.5974999999999999 0.643125
v 1.0242694593370325 0.5913622480788185 0.643125
v 1.03 0.5309681803664956 0.643125
v 1.03 0.5946707772653144 0.6485297359416256
v 1.03 0.5974999999999999 0.6485187087702251
v 1.03 0.6561745199206883 0.643125
v 1.03 0.733125 0.619465864889803
v 1.03 0.8687499999999999 0.5157404132197949
f  0 2 1
f  3 5 4
f  2 6 1
f  3 6 2
f  6 3 4
f  7 5 8
f  4 5 7
f  4 9 6
f  4 10 9
f  10 4 7
f  9 10 11
f  12 14 13
f  0 15 16
f  15 0 1
f  14 17 13
f  16 17 14
f  17 16 15
f  12 18 19
f  18 12 13
f  19 20 21
f  20 19 18
f  13 22 18
f  22 13 17
f  18 23 20
f  23 18 22
f  1 24 15
f  1 25 24
f  25 1 6
f  17 24 26
f  24 17 15
f  24 25 27
f  24 28 26
f  28 24 27
f  9 25 6
f  25 29 27
f  9 29 25
f  29 9 11
f  30 27 29
f  27 31 28
f  31 27 30
f  22 26 32
f  26 22 17
f  23 32 33
f  32 23 22
f  26 34 32
f  34 26 28
f  32 35 33
f  35 32 34
f  34 31 36
f  31 34 28
f  35 36 37
f  36 35 34
f  31 30 38
f  31 39 36
f  39 31 38
f  36 40 37
f  40 36 39
f  41 43 42
f  44 43 45
f  42 43 44
f  8 46 7
f  41 46 8
f  41 47 46
f  47 41 42
f  46 10 7
f  46 47 48
f  10 49 11
f  46 49 10
f  49 46 48
f  47 44 50
f  47 42 44
f  51 47 50
f  48 47 51
f  53 51 52
f  49 51 53
f  49 48 51
f  53 52 54
f  55 57 56
f  44 58 59
f  58 55 56
f  45 58 44
f  45 55 58
f  59 58 60
f  61 57 62
f  56 57 61
f  56 63 58
f  63 56 61
f  64 58 63
f  60 58 64
f  59 50 44
f  50 65 51
f  59 65 50
f  65 59 60
f  51 66 52
f  66 51 65
f  67 60 64
f  60 68 65
f  68 60 67
f  68 66 65
f  69 52 66
f  54 52 69
f  68 67 70
f  71 68 70
f  66 72 69
f  66 71 72
f  66 68 71
f  72 71 73
f  29 74 75
f  29 49 74
f  29 11 49
f  75 30 29
f  53 74 49
f  75 74 76
f  30 77 38
f  75 77 30
f  77 75 76
f  74 78 76
f  74 79 78
f  53 79 74
f  79 53 54
f  77 78 80
f  78 77 76
f  78 79 81
f  78 82 80
f  82 78 81
f  39 83 84
f  39 77 83
f  39 38 77
f  40 84 85
f  84 40 39
f  84 83 86
f  84 87 85
f  87 84 86
f  80 83 77
f  83 88 86
f  83 89 88
f  80 89 83
f  89 80 82
f  87 88 90
f  88 87 86
f  54 91 79
f  91 54 69
f  92 79 91
f  81 79 92
f  93 81 92
f  82 93 94
f  82 81 93
f  72 91 69
f  91 95 92
f  96 72 73
f  72 95 91
f  95 72 96
f  95 93 92
f  94 89 82
f  97 99 98
f  99 97 100
f  101 98 102
f  98 101 97
f  103 100 97
f  100 103 104
f  105 97 101
f  97 105 103
f  106 102 107
f  102 106 101
f  107 108 106
f  109 101 106
f  101 109 105
f  110 108 111
f  110 106 108
f  106 110 109
f  88 89 112
f  88 113 90
f  113 88 112
f  94 93 114
f  95 96 115
f  93 116 114
f  117 95 115
f  95 116 93
f  116 95 117
f  116 117 118
f  112 119 120
f  89 119 112
f  94 119 89
f  119 94 114
f  113 120 121
f  120 113 112
f  120 119 122
f  120 123 121
f  123 120 122
f  116 119 114
f  124 116 118
f  124 119 116
f  119 125 122
f  119 124 125
f  122 126 123
f  125 126 122
f  127 111 128
f  111 127 110
f  129 128 130
f  128 129 127
f  125 124 131
f  125 132 126
f  132 125 131
f  133 130 134
f  130 133 129
f  134 135 133
f  136 138 137
f  139 138 136
f  21 138 139
f  138 21 20
f  141 137 140
f  141 136 137
f  137 143 142
f  138 143 137
f  20 143 138
f  143 20 23
f  140 142 144
f  140 137 142
f  145 141 140
f  147 144 146
f  145 144 147
f  145 140 144
f  149 146 148
f  149 147 146
f  143 150 142
f  143 151 150
f  143 33 151
f  33 143 23
f  142 152 144
f  150 152 142
f  150 154 153
f  151 154 150
f  33 154 151
f  154 33 35
f  152 153 155
f  152 150 153
f  154 156 153
f  154 157 156
f  154 37 157
f  37 154 35
f  153 158 155
f  156 158 153
f  144 159 146
f  152 159 144
f  146 160 148
f  146 161 160
f  159 161 146
f  159 155 162
f  159 152 155
f  161 159 162
f  161 163 160
f  155 164 162
f  158 164 155
f  164 161 162
f  163 166 165
f  163 164 166
f  164 163 161
f  156 168 167
f  157 168 156
f  37 168 157
f  168 37 40
f  158 167 169
f  158 156 167
f  164 169 170
f  164 158 169
f  166 164 170
f  171 149 148
f  160 171 148
f  160 172 171
f  172 160 173
f  174 172 173
f  160 175 173
f  163 175 160
f  176 178 177
f  176 175 178
f  174 175 176
f  175 174 173
f  175 165 179
f  175 163 165
f  178 175 179
f  180 176 177
f  166 181 165
f  168 182 167
f  168 183 182
f  168 85 183
f  85 168 40
f  167 184 169
f  182 184 167
f  182 186 185
f  183 186 182
f  85 186 183
f  186 85 87
f  184 185 187
f  184 182 185
f  186 188 185
f  186 189 188
f  186 90 189
f  90 186 87
f  185 190 187
f  185 191 190
f  188 191 185
f  170 193 192
f  170 184 193
f  184 170 169
f  192 166 170
f  192 181 166
f  181 192 194
f  193 184 187
f  193 195 192
f  192 196 194
f  195 196 192
f  195 190 197
f  193 190 195
f  193 187 190
f  196 197 198
f  196 195 197
f  191 199 190
f  190 200 197
f  199 200 190
f  201 197 200
f  198 201 202
f  197 201 198
f  203 202 201
f  202 203 204
f  178 205 177
f  165 206 179
f  165 207 206
f  181 207 165
f  205 206 208
f  178 206 205
f  178 179 206
f  207 209 206
f  210 209 211
f  206 210 208
f  209 210 206
f  205 180 177
f  212 180 205
f  213 212 214
f  180 212 213
f  215 213 214
f  212 205 208
f  216 212 217
f  214 212 216
f  215 216 218
f  215 214 216
f  212 210 217
f  212 208 210
f  207 181 194
f  209 220 219
f  207 220 209
f  207 196 220
f  196 207 194
f  211 209 219
f  220 196 198
f  221 210 211
f  210 221 222
f  223 222 221
f  222 223 224
f  225 216 217
f  216 225 226
f  218 226 227
f  218 216 226
f  217 222 225
f  217 210 222
f  228 226 225
f  226 228 229
f  227 229 230
f  227 226 229
f  225 224 228
f  225 222 224
f  231 219 220
f  219 231 232
f  211 232 221
f  211 219 232
f  220 202 231
f  220 198 202
f  233 232 231
f  232 233 234
f  221 234 223
f  221 232 234
f  231 204 233
f  231 202 204
f  188 236 235
f  189 236 188
f  90 236 189
f  236 90 113
f  191 188 235
f  236 237 235
f  236 238 237
f  236 121 238
f  121 236 113
f  191 239 199
f  235 239 191
f  235 240 239
f  237 240 235
f  237 242 241
f  238 242 237
f  121 242 238
f  242 121 123
f  240 237 241
f  240 243 239
f  242 244 241
f  242 245 244
f  242 126 245
f  126 242 123
f  244 240 241
f  243 247 246
f  243 244 247
f  244 243 240
f  200 239 248
f  200 199 239
f  201 200 248
f  248 250 249
f  248 243 250
f  243 248 239
f  201 249 203
f  201 248 249
f  250 243 246
f  244 252 251
f  245 252 244
f  126 252 245
f  252 126 132
f  247 244 251
f  255 253 254
f  254 257 256
f  253 257 254
f  256 259 258
f  257 259 256
f  262 260 261
f  258 264 263
f  259 264 258
f  262 263 264
f  261 263 262
f  263 261 265
f  261 267 266
f  260 267 261
f  266 269 268
f  267 269 266
f  265 266 270
f  261 266 265
f  270 268 271
f  266 268 270
f  272 274 273
f  275 277 276
f  278 274 272
f  278 279 274
f  279 278 280
f  280 281 279
f  282 284 283
f  280 284 282
f  276 280 278
f  277 280 276
f  284 280 277
f  283 285 282
f  285 283 286
f  281 282 285
f  282 281 280
f  287 289 288
f  289 287 290
f  275 289 277
f  288 289 275
f  290 287 291
f  289 284 277
f  283 290 292
f  284 290 283
f  284 289 290
f  286 292 293
f  286 283 292
f  294 296 295
f  291 292 290
f  291 294 292
f  296 294 291
f  293 292 294
f  295 296 297
f  298 300 299
f  273 300 298
f  274 300 273
f  300 301 302
f  300 274 301
f  303 301 304
f  301 303 302
f  305 300 306
f  305 299 300
f  299 305 307
f  308 306 309
f  306 308 305
f  306 300 302
f  309 302 303
f  309 306 302
f  304 310 303
f  311 309 312
f  309 311 308
f  312 313 311
f  312 310 314
f  312 303 310
f  312 309 303
f  313 314 315
f  313 312 314
f  301 274 279
f  304 281 316
f  304 279 281
f  304 301 279
f  285 317 318
f  317 285 286
f  318 281 285
f  281 318 316
f  319 321 320
f  310 321 319
f  316 310 304
f  321 310 316
f  317 321 318
f  322 321 317
f  321 322 320
f  318 321 316
f  324 320 323
f  324 319 320
f  324 310 319
f  310 324 314
f  323 325 324
f  325 323 326
f  314 325 315
f  324 325 314
f  322 323 320
f  323 322 327
f  326 327 328
f  326 323 327
f  98 307 305
f  98 99 307
f  102 305 308
f  102 98 305
f  107 308 311
f  107 102 308
f  330 313 329
f  330 311 313
f  108 311 330
f  108 107 311
f  315 329 313
f  329 315 331
f  111 108 330
f  333 326 332
f  333 325 326
f  333 315 325
f  315 333 331
f  334 328 335
f  328 332 326
f  332 328 334
f  336 335 337
f  334 335 336
f  338 329 339
f  329 338 330
f  339 340 338
f  341 343 342
f  329 341 339
f  331 341 329
f  343 341 331
f  342 344 341
f  344 342 345
f  340 341 344
f  341 340 339
f  128 330 338
f  128 111 330
f  346 348 347
f  130 348 346
f  338 130 128
f  340 130 338
f  348 130 340
f  344 348 340
f  348 349 347
f  344 349 348
f  349 345 350
f  349 344 345
f  351 130 346
f  130 351 134
f  353 347 352
f  351 347 353
f  351 346 347
f  354 351 353
f  135 351 354
f  351 135 134
f  352 347 349
f  332 343 333
f  355 332 356
f  355 343 332
f  343 355 342
f  333 343 331
f  345 342 355
f  356 332 334
f  357 356 358
f  355 356 357
f  355 350 345
f  350 355 357
f  334 358 356
f  358 334 336
f  293 317 286
f  359 293 360
f  317 293 359
f  295 361 294
f  360 361 362
f  294 360 293
f  361 360 294
f  360 363 359
f  363 365 364
f  362 363 360
f  363 362 365
f  322 317 359
f  366 363 367
f  359 327 322
f  359 366 327
f  363 366 359
f  328 327 366
f  367 363 364
f  297 361 295
f  368 370 369
f  297 368 361
f  370 368 297
f  362 361 368
f  369 370 371
f  372 369 373
f  368 369 372
f  368 365 362
f  365 368 372
f  371 373 369
f  373 371 374
f  375 365 376
f  364 365 375
f  377 376 378
f  375 376 377
f  379 367 380
f  366 367 379
f  366 335 328
f  335 366 379
f  364 380 367
f  380 364 375
f  381 380 382
f  379 380 381
f  379 337 335
f  337 379 381
f  375 382 380
f  382 375 377
f  383 373 384
f  372 373 383
f  372 376 365
f  376 372 383
f  374 384 373
f  384 374 385
f  386 384 387
f  383 384 386
f  383 378 376
f  378 383 386
f  385 387 384
f  387 385 388
f  391 389 390
f  394 392 393
f  392 394 395
f  393 391 394
f  391 393 389
f  396 395 397
f  392 395 396
f  396 397 398
f  401 399 400
f  399 401 402
f  400 255 401
f  255 400 253
f  399 402 403
f  406 404 405
f  409 407 408
f  407 409 410
f  408 406 409
f  406 408 404
f  411 400 399
f  412 400 411
f  257 400 412
f  400 257 253
f  257 405 259
f  257 406 405
f  406 257 412
f  411 413 412
f  403 411 399
f  411 414 413
f  403 414 411
f  414 403 415
f  414 409 413
f  409 414 410
f  406 413 409
f  413 406 412
f  407 410 416
f  414 415 417
f  414 416 410
f  414 418 416
f  418 417 419
f  418 414 417
f  418 419 420
f  423 421 422
f  424 423 425
f  421 423 424
f  428 426 427
f  431 429 430
f  428 432 426
f  430 432 428
f  429 432 430
f  422 434 433
f  421 434 422
f  433 427 435
f  433 428 427
f  434 428 433
f  421 430 434
f  421 431 430
f  431 421 424
f  428 434 430
f  438 436 437
f  436 438 439
f  438 424 425
f  438 437 424
f  440 439 441
f  436 439 440
f  444 442 443
f  444 431 442
f  431 445 429
f  431 444 445
f  391 429 445
f  429 390 432
f  390 429 391
f  446 444 443
f  444 447 448
f  447 444 446
f  444 448 445
f  447 394 448
f  394 447 395
f  391 448 394
f  448 391 445
f  443 437 436
f  442 437 443
f  431 437 442
f  437 431 424
f  436 446 443
f  446 436 440
f  405 450 449
f  404 450 405
f  262 422 260
f  449 422 262
f  449 423 422
f  450 423 449
f  451 408 407
f  452 408 451
f  450 408 452
f  408 450 404
f  450 425 423
f  425 450 452
f  259 449 264
f  449 259 405
f  262 264 449
f  260 433 267
f  433 260 422
f  267 435 269
f  435 267 433
f  451 453 452
f  454 416 455
f  454 407 416
f  454 451 407
f  453 451 454
f  454 438 453
f  438 454 439
f  425 453 438
f  453 425 452
f  454 455 456
f  454 441 439
f  441 456 457
f  441 454 456
f  418 455 416
f  418 456 455
f  459 420 458
f  418 459 456
f  459 418 420
f  459 457 456
f  440 441 460
f  447 446 461
f  447 397 395
f  397 461 462
f  397 447 461
f  464 462 463
f  462 398 397
f  462 464 398
f  440 461 446
f  440 465 461
f  465 460 466
f  465 440 460
f  465 462 461
f  465 466 467
f  465 463 462
f  463 467 468
f  463 465 467
f  464 463 469
f  468 469 463
f  469 468 470
f  457 460 441
f  460 457 471
f  459 458 472
f  459 471 457
f  474 472 473
f  471 472 474
f  471 459 472
f  474 473 475
f  466 471 476
f  466 460 471
f  478 476 477
f  476 467 466
f  476 478 467
f  478 468 467
f  474 476 471
f  474 477 476
f  477 475 479
f  477 474 475
f  478 477 480
f  482 480 481
f  470 480 482
f  468 480 470
f  468 478 480
f  482 481 483
f  479 480 477
f  480 479 484
f  481 484 485
f  481 480 484
f  485 483 481
f  483 485 486
f  489 487 488
f  487 489 490
f  489 61 62
f  489 488 61
f  491 488 487
f  492 488 491
f  63 488 492
f  488 63 61
f  492 493 494
f  493 492 491
f  492 64 63
f  492 494 64
f  490 495 487
f  496 498 497
f  496 495 498
f  487 496 491
f  495 496 487
f  491 496 493
f  499 494 493
f  500 494 499
f  67 494 500
f  494 67 64
f  501 496 497
f  502 501 503
f  502 496 501
f  493 502 499
f  496 502 493
f  504 502 503
f  500 505 506
f  505 500 499
f  500 70 67
f  500 506 70
f  507 506 505
f  508 506 507
f  71 506 508
f  506 71 70
f  508 509 510
f  509 508 507
f  508 73 71
f  508 510 73
f  499 502 505
f  511 502 504
f  507 511 512
f  507 502 511
f  502 507 505
f  507 512 509
f  513 497 498
f  497 513 514
f  515 514 513
f  514 515 516
f  501 514 517
f  501 497 514
f  517 503 501
f  503 517 518
f  504 518 519
f  504 503 518
f  514 520 517
f  514 521 520
f  521 514 516
f  522 520 521
f  517 520 518
f  520 519 518
f  520 523 519
f  523 522 524
f  520 522 523
f  519 511 504
f  511 519 525
f  519 523 525
f  526 510 509
f  527 510 526
f  96 510 527
f  510 96 73
f  528 512 511
f  526 530 529
f  512 526 509
f  526 528 530
f  512 528 526
f  531 529 530
f  532 523 524
f  533 511 525
f  511 534 528
f  534 511 533
f  535 534 533
f  528 534 530
f  536 535 537
f  534 531 530
f  531 535 536
f  534 535 531
f  523 533 525
f  533 532 538
f  523 532 533
f  535 539 540
f  533 539 535
f  539 533 538
f  535 540 537
f  536 541 542
f  541 536 537
f  542 543 544
f  543 542 541
f  540 545 546
f  545 540 539
f  546 547 548
f  547 546 545
f  541 540 546
f  540 541 537
f  543 546 548
f  546 543 541
f  551 549 550
f  551 552 549
f  551 103 552
f  103 551 104
f  552 553 549
f  552 554 553
f  552 105 554
f  105 552 103
f  555 549 556
f  557 549 555
f  550 549 557
f  556 553 558
f  549 553 556
f  554 559 553
f  554 560 559
f  554 109 560
f  109 554 105
f  560 561 559
f  560 562 561
f  560 110 562
f  110 560 109
f  558 559 563
f  553 559 558
f  563 561 564
f  561 563 559
f  555 565 557
f  527 566 567
f  566 527 526
f  527 115 96
f  527 567 115
f  566 568 567
f  569 566 570
f  568 566 569
f  117 567 568
f  567 117 115
f  571 568 569
f  568 118 117
f  568 571 118
f  526 529 566
f  529 570 566
f  570 531 572
f  529 531 570
f  573 569 570
f  573 571 569
f  573 574 571
f  575 573 576
f  574 573 575
f  124 571 574
f  571 124 118
f  575 577 578
f  577 575 576
f  573 579 580
f  573 572 579
f  573 570 572
f  580 581 582
f  581 580 579
f  573 580 576
f  577 580 582
f  580 577 576
f  562 583 561
f  562 584 583
f  562 127 584
f  127 562 110
f  583 586 585
f  587 583 584
f  586 583 587
f  584 129 587
f  129 584 127
f  564 583 588
f  561 583 564
f  585 588 583
f  589 574 575
f  574 131 124
f  574 589 131
f  575 590 589
f  591 575 578
f  590 575 591
f  131 592 132
f  131 590 592
f  589 590 131
f  593 586 587
f  586 593 594
f  587 133 593
f  133 587 129
f  593 596 595
f  596 593 597
f  598 133 135
f  593 598 597
f  133 598 593
f  596 594 595
f  599 601 600
f  602 601 599
f  603 599 604
f  603 599 602
f  596 603 604
f  605 603 596
f  603 605 606
f  601 598 600
f  607 598 601
f  598 607 608
f  607 597 608
f  609 597 607
f  609 605 597
f  606 605 609
f  610 590 591
f  590 610 592
f  531 536 572
f  579 536 542
f  536 579 572
f  581 542 544
f  542 581 579
f  515 611 516
f  521 613 612
f  521 611 613
f  611 521 516
f  521 614 522
f  521 615 614
f  615 521 612
f  522 614 524
f  613 616 612
f  615 618 617
f  615 616 618
f  616 615 612
f  618 619 617
f  620 614 615
f  621 620 622
f  621 614 620
f  532 614 621
f  614 532 524
f  621 623 624
f  623 621 622
f  620 625 626
f  615 625 620
f  625 615 617
f  627 626 625
f  620 626 622
f  623 627 628
f  623 626 627
f  626 623 622
f  624 629 630
f  629 624 623
f  631 630 629
f  629 628 632
f  629 623 628
f  631 633 634
f  629 633 631
f  633 629 632
f  532 621 538
f  539 621 624
f  621 539 538
f  545 624 630
f  624 545 539
f  547 631 635
f  547 630 631
f  630 547 545
f  631 634 635
f  625 637 636
f  625 619 637
f  619 625 617
f  639 636 638
f  627 636 639
f  627 625 636
f  627 639 628
f  637 640 636
f  638 640 641
f  640 638 636
f  639 642 643
f  642 639 638
f  643 644 645
f  644 643 642
f  632 639 643
f  639 632 628
f  633 643 645
f  643 633 632
f  642 641 646
f  641 642 638
f  644 646 647
f  646 644 642
f  650 648 649
f  648 650 651
f  649 203 650
f  203 649 204
f  652 654 653
f  651 655 648
f  652 655 651
f  655 652 653
f  656 658 657
f  659 661 660
f  662 661 659
f  544 661 662
f  661 544 543
f  664 660 663
f  664 659 660
f  665 667 666
f  668 667 665
f  548 667 668
f  667 548 547
f  670 666 669
f  670 665 666
f  661 665 660
f  661 668 665
f  661 548 668
f  548 661 543
f  660 670 663
f  665 670 660
f  671 673 672
f  653 663 674
f  654 663 653
f  654 664 663
f  653 671 655
f  653 673 671
f  673 653 674
f  676 669 675
f  676 670 669
f  658 676 675
f  656 676 658
f  673 656 672
f  673 676 656
f  663 676 674
f  670 676 663
f  676 673 674
f  679 677 678
f  677 679 680
f  679 224 223
f  678 679 224
f  681 680 682
f  677 680 681
f  685 683 684
f  683 685 686
f  685 229 228
f  684 685 229
f  687 684 683
f  688 684 687
f  230 684 688
f  684 230 229
f  677 685 678
f  685 677 686
f  228 678 685
f  678 228 224
f  689 686 690
f  683 686 689
f  683 691 687
f  691 683 689
f  677 690 686
f  690 677 681
f  694 692 693
f  692 694 695
f  694 234 233
f  693 694 234
f  692 679 693
f  679 692 680
f  223 693 679
f  693 223 234
f  648 694 649
f  694 648 695
f  233 649 694
f  649 233 204
f  696 695 697
f  692 695 696
f  692 682 680
f  682 692 696
f  648 697 695
f  697 648 655
f  698 682 699
f  681 682 698
f  700 702 701
f  704 657 703
f  704 656 657
f  699 700 698
f  699 702 700
f  704 702 699
f  702 704 703
f  705 690 706
f  689 690 705
f  689 707 691
f  707 689 705
f  681 706 690
f  706 681 698
f  700 705 706
f  705 701 708
f  705 700 701
f  705 709 707
f  709 705 708
f  700 706 698
f  671 696 697
f  696 672 710
f  696 671 672
f  696 699 682
f  699 696 710
f  671 697 655
f  672 704 710
f  656 704 672
f  704 699 710
f  711 713 712
f  714 713 711
f  578 713 714
f  713 578 577
f  247 715 246
f  716 715 247
f  717 711 712
f  717 716 711
f  715 716 717
f  718 720 719
f  721 720 718
f  582 720 721
f  720 582 581
f  723 719 722
f  723 718 719
f  713 718 712
f  713 721 718
f  713 582 721
f  582 713 577
f  712 723 717
f  718 723 712
f  726 724 725
f  724 726 727
f  726 249 250
f  725 726 249
f  724 650 725
f  650 724 651
f  203 725 650
f  725 203 249
f  717 726 715
f  726 717 727
f  250 715 726
f  715 250 246
f  727 652 724
f  727 654 652
f  727 722 654
f  727 723 722
f  652 651 724
f  723 727 717
f  252 592 728
f  592 252 132
f  591 714 729
f  714 591 578
f  728 251 252
f  730 728 731
f  251 728 730
f  711 729 714
f  711 731 729
f  731 711 730
f  730 247 251
f  730 716 247
f  716 730 711
f  732 603 606
f  602 601 733
f  603 734 602
f  603 735 732
f  601 736 607
f  737 609 607
f  738 606 609
f  606 739 732
f  740 742 741
f  744 740 743
f  592 745 728
f  610 746 592
f  747 748 610
f  591 747 610
f  729 747 591
f  749 751 750
f  743 740 749
f  751 749 743
f  752 751 743
f  754 753 751
f  756 755 753
f  757 758 755
f  755 757 759
f  749 760 740
f  761 740 741
f  740 761 760
f  762 761 741
f  759 763 761
f  757 764 759
f  731 747 729
f  731 765 747
f  766 731 728
f  767 749 750
f  755 768 753
f  759 768 755
f  759 769 768
f  769 759 770
f  771 749 767
f  771 760 749
f  771 772 760
f  760 773 761
f  760 772 773
f  761 770 759
f  761 773 770
f  774 769 773
f  775 769 774
f  254 771 255
f  774 771 254
f  771 774 773
f  769 775 776
f  774 777 776
f  774 778 777
f  778 254 256
f  778 774 254
f  777 780 779
f  778 780 777
f  780 778 781
f  781 256 258
f  781 778 256
f  782 779 780
f  720 659 719
f  720 662 659
f  720 544 662
f  544 720 581
f  719 664 722
f  659 664 719
f  664 654 722
f  783 780 781
f  780 783 784
f  783 258 263
f  783 781 258
f  785 784 783
f  784 785 786
f  785 263 265
f  785 783 263
f  787 780 784
f  787 782 780
f  788 784 786
f  784 788 787
f  789 786 785
f  786 789 790
f  789 265 270
f  789 785 265
f  791 790 789
f  790 791 792
f  791 270 271
f  791 789 270
f  793 786 790
f  793 788 786
f  790 794 793
f  795 790 792
f  790 795 794
f  796 794 795
f  797 799 798
f  800 802 801
f  803 802 800
f  634 802 803
f  802 634 633
f  798 801 804
f  799 801 798
f  799 800 801
f  806 798 805
f  806 797 798
f  657 805 807
f  658 805 657
f  658 806 805
f  808 810 809
f  812 809 811
f  812 808 809
f  798 808 805
f  798 810 808
f  810 798 804
f  805 812 807
f  808 812 805
f  813 667 814
f  667 813 666
f  635 667 547
f  814 667 635
f  666 797 669
f  666 799 797
f  799 666 813
f  814 800 813
f  814 803 800
f  814 634 803
f  634 814 635
f  800 799 813
f  669 806 675
f  797 806 669
f  806 658 675
f  815 817 816
f  818 817 815
f  645 817 818
f  817 645 644
f  820 816 819
f  820 815 816
f  802 815 801
f  802 818 815
f  802 645 818
f  645 802 633
f  801 820 804
f  815 820 801
f  817 821 816
f  817 822 821
f  817 647 822
f  647 817 644
f  816 823 819
f  821 823 816
f  809 819 824
f  810 819 809
f  810 820 819
f  809 825 811
f  825 809 824
f  820 810 804
f  819 826 824
f  823 826 819
f  824 827 825
f  826 827 824
f  828 830 829
f  828 701 702
f  701 829 831
f  701 828 829
f  657 828 703
f  657 830 828
f  830 657 807
f  828 702 703
f  829 811 832
f  830 811 829
f  830 812 811
f  829 833 831
f  829 834 833
f  834 829 832
f  812 830 807
f  835 701 831
f  701 836 708
f  836 701 835
f  836 709 708
f  833 835 831
f  837 811 825
f  811 838 832
f  838 811 837
f  838 834 832
f  827 837 825
f  555 556 839
f  839 558 840
f  556 558 839
f  840 563 841
f  558 563 840
f  841 564 842
f  563 564 841
f  845 843 844
f  845 846 843
f  337 845 846
f  337 845 336
f  847 844 843
f  844 847 848
f  849 839 850
f  849 555 839
f  565 555 849
f  840 850 839
f  851 840 852
f  850 840 851
f  851 852 853
f  855 850 854
f  850 855 849
f  851 854 850
f  856 854 857
f  855 854 856
f  851 857 854
f  858 853 859
f  858 851 853
f  857 851 858
f  852 841 860
f  841 852 840
f  860 842 861
f  842 860 841
f  853 860 862
f  852 860 853
f  863 861 864
f  862 861 863
f  860 861 862
f  859 862 865
f  862 859 853
f  863 865 862
f  859 866 858
f  866 859 867
f  868 870 869
f  870 868 871
f  866 869 870
f  869 866 867
f  872 874 873
f  875 874 872
f  863 874 875
f  874 863 864
f  876 878 877
f  876 848 847
f  873 877 872
f  848 877 873
f  848 876 877
f  881 879 880
f  881 865 879
f  865 867 859
f  865 881 867
f  875 880 879
f  880 875 872
f  879 863 875
f  863 879 865
f  868 877 878
f  868 880 877
f  881 868 869
f  868 881 880
f  881 869 867
f  880 872 877
f  585 586 882
f  885 883 884
f  885 886 883
f  886 349 350
f  886 885 349
f  887 588 888
f  842 588 887
f  564 588 842
f  891 889 890
f  891 882 889
f  585 888 588
f  882 888 585
f  882 891 888
f  892 894 893
f  895 894 892
f  887 894 895
f  894 887 888
f  891 893 894
f  890 893 891
f  893 884 883
f  893 890 884
f  891 894 888
f  353 897 896
f  897 353 352
f  898 896 897
f  899 898 900
f  896 898 899
f  594 882 586
f  899 882 594
f  899 900 882
f  600 135 354
f  604 899 594
f  899 599 896
f  599 899 604
f  353 600 354
f  599 353 896
f  600 353 599
f  898 885 884
f  897 885 898
f  349 897 352
f  885 897 349
f  900 889 882
f  890 900 898
f  889 900 890
f  890 898 884
f  903 901 902
f  903 904 901
f  904 357 358
f  904 903 357
f  883 903 902
f  886 903 883
f  357 886 350
f  903 886 357
f  901 845 844
f  904 845 901
f  336 904 358
f  845 904 336
f  905 902 901
f  893 905 892
f  905 893 902
f  893 883 902
f  901 848 905
f  901 844 848
f  887 861 842
f  906 895 892
f  864 895 906
f  864 887 895
f  887 864 861
f  906 873 874
f  873 892 905
f  873 906 892
f  906 874 864
f  873 905 848
f  909 907 908
f  909 910 907
f  378 909 910
f  378 909 377
f  911 908 907
f  908 911 912
f  915 913 914
f  915 916 913
f  382 915 916
f  382 915 381
f  843 915 914
f  846 915 843
f  381 846 337
f  915 846 381
f  913 909 908
f  916 909 913
f  377 916 382
f  909 916 377
f  917 914 913
f  914 917 918
f  843 918 847
f  843 914 918
f  913 912 917
f  913 908 912
f  921 919 920
f  921 922 919
f  387 921 922
f  387 921 386
f  920 910 921
f  910 920 907
f  386 910 378
f  921 910 386
f  919 924 923
f  922 924 919
f  388 922 387
f  924 922 388
f  925 920 919
f  920 925 926
f  907 926 911
f  907 920 926
f  919 927 925
f  919 923 927
f  928 912 911
f  912 928 929
f  868 930 871
f  930 868 931
f  932 934 933
f  932 929 928
f  931 933 930
f  929 933 931
f  929 932 933
f  876 935 878
f  935 918 917
f  935 876 918
f  876 847 918
f  917 929 935
f  917 912 929
f  931 878 935
f  868 878 931
f  931 935 929
f  936 926 925
f  926 936 937
f  911 937 928
f  911 926 937
f  925 938 936
f  925 927 938
f  932 939 934
f  932 936 939
f  936 932 937
f  932 928 937
f  936 940 939
f  936 938 940
f  941 856 857
f  941 942 856
f  858 941 857
f  943 941 944
f  945 941 943
f  942 941 945
f  944 858 866
f  941 858 944
f  946 948 947
f  948 946 949
f  943 947 948
f  947 943 944
f  870 946 947
f  946 870 871
f  870 944 866
f  870 947 944
f  943 950 945
f  951 948 949
f  951 943 948
f  943 952 950
f  943 951 952
f  946 953 949
f  953 946 954
f  954 871 930
f  946 871 954
f  954 955 953
f  955 933 934
f  955 954 933
f  954 930 933
f  951 956 957
f  951 953 956
f  953 951 949
f  951 957 952
f  958 953 955
f  956 953 958
f  934 959 955
f  960 934 939
f  934 960 959
f  960 939 940
f  958 955 959
f  961 751 753
f  751 961 750
f  255 767 401
f  767 402 401
f  750 402 767
f  961 402 750
f  402 961 962
f  768 776 963
f  961 964 962
f  964 768 963
f  964 753 768
f  753 964 961
f  965 962 964
f  965 402 962
f  402 965 403
f  963 966 964
f  963 967 966
f  963 968 967
f  968 776 777
f  968 963 776
f  777 779 968
f  969 964 966
f  969 965 964
f  969 970 965
f  970 969 971
f  403 970 415
f  965 970 403
f  972 971 969
f  967 973 966
f  967 974 973
f  974 967 968
f  975 779 782
f  975 968 779
f  975 974 968
f  969 973 976
f  973 969 966
f  976 973 974
f  969 977 972
f  976 977 969
f  976 978 977
f  976 975 978
f  975 976 974
f  979 970 971
f  979 415 970
f  415 979 417
f  979 981 980
f  971 981 979
f  981 971 972
f  417 980 419
f  979 980 417
f  983 981 982
f  983 980 981
f  983 419 980
f  419 983 420
f  972 984 981
f  972 977 984
f  981 984 982
f  985 782 787
f  986 782 985
f  782 986 975
f  987 787 788
f  787 987 985
f  988 977 978
f  977 988 989
f  978 986 988
f  986 978 975
f  990 788 793
f  788 990 987
f  793 794 990
f  982 991 983
f  991 982 992
f  420 991 458
f  983 991 420
f  993 977 989
f  977 993 984
f  994 984 993
f  994 982 984
f  995 982 994
f  982 995 992
f  996 995 994
f  997 986 985
f  998 985 987
f  998 997 985
f  988 999 989
f  997 988 986
f  1000 988 997
f  999 988 1000
f  997 1001 1000
f  1002 997 998
f  997 1002 1001
f  1003 1001 1002
f  1004 987 990
f  1005 987 1004
f  1005 998 987
f  1006 794 796
f  1006 990 794
f  990 1006 1004
f  998 1005 1002
f  1007 1005 1004
f  1008 1004 1006
f  1008 1007 1004
f  1009 1005 1007
f  1009 1002 1005
f  1009 1003 1002
f  1010 1007 1008
f  1011 1007 1010
f  1007 1011 1009
f  1012 999 1013
f  989 1012 993
f  999 1012 989
f  1013 999 1000
f  1013 1014 1012
f  1013 1015 1014
f  1013 1001 1015
f  1001 1013 1000
f  993 1012 994
f  1016 1012 1014
f  1017 1012 1016
f  994 1017 996
f  1012 1017 994
f  1018 1015 1019
f  1015 1018 1014
f  1001 1019 1015
f  1019 1001 1003
f  1014 1018 1016
f  1020 1017 1016
f  1019 1021 1018
f  1003 1021 1019
f  1003 1022 1021
f  1003 1023 1022
f  1023 1003 1009
f  1009 1011 1023
f  1024 1021 1022
f  1016 1025 1020
f  1018 1025 1016
f  1021 1025 1018
f  1021 1024 1025
f  1027 992 1026
f  1027 991 992
f  1027 458 991
f  458 1027 472
f  1026 1028 1027
f  1028 1026 1029
f  472 1028 473
f  1027 1028 472
f  1031 1029 1030
f  1031 1028 1029
f  1031 473 1028
f  473 1031 475
f  992 995 1026
f  1032 995 996
f  1032 1026 995
f  1033 1026 1032
f  1026 1033 1029
f  1029 1033 1030
f  1030 1034 1031
f  1034 1030 1035
f  475 1034 479
f  1031 1034 475
f  1036 1033 1032
f  1037 1033 1036
f  1038 1033 1037
f  1035 1033 1038
f  1033 1035 1030
f  1039 1038 1037
f  1041 1035 1040
f  1041 1034 1035
f  1041 479 1034
f  479 1041 484
f  1040 1042 1041
f  1042 1040 1043
f  484 1042 485
f  1041 1042 484
f  1045 1043 1044
f  1045 1042 1043
f  1045 485 1042
f  485 1045 486
f  1035 1038 1040
f  1046 1038 1039
f  1038 1043 1040
f  1047 1038 1046
f  1038 1047 1043
f  1043 1047 1044
f  996 1017 1032
f  1048 1017 1020
f  1032 1048 1036
f  1017 1048 1032
f  1049 1036 1048
f  1037 1036 1049
f  1037 1050 1039
f  1050 1037 1049
f  1020 1051 1048
f  1052 1020 1025
f  1051 1020 1052
f  1053 1051 1052
f  1048 1051 1049
f  1054 1051 1053
f  1049 1054 1050
f  1051 1054 1049
f  1055 1039 1050
f  1046 1039 1055
f  1056 1050 1054
f  1055 1050 1056
f  1057 1011 1010
f  1058 1022 1023
f  1059 1011 1057
f  1059 1023 1011
f  1059 1058 1023
f  1060 1024 1061
f  1024 1060 1025
f  1022 1061 1024
f  1061 1022 1058
f  1061 1062 1060
f  1061 1063 1062
f  1061 1064 1063
f  1061 1059 1064
f  1059 1061 1058
f  1065 1063 1064
f  1063 1066 1062
f  1063 1065 1066
f  1025 1060 1052
f  1067 1060 1062
f  1052 1068 1053
f  1052 1067 1068
f  1060 1067 1052
f  1053 1069 1054
f  1053 1068 1069
f  1062 1066 1067
f  1054 1069 1056
